tree
version=v4
num_class=1
num_tree_per_iteration=1
label_index=0
max_feature_idx=62
objective=binary sigmoid:1
feature_names=cpr_width_pct vwap_dist atr_pct_rank vol_rank n_rules_fired sg_vel ema200_dist rsi14 mom5 dow rule_id direction dist_hi52 dist_lo52 vol_accel market_rs_5d market_rs_20d sector_rs_5d sector_rs_20d deliv_pct pcr india_vix conf_vol rsi_dir hi52_dir cpr_compress cpr_pos dist_r1 dist_s1 mom3 mom10 mom20 rsi_div vol_accel_delta days_since_52hi expiry_dist cpr_overlap_pct open_to_cpr_dist prev_cpr_respected cpr_zone_vol_ratio hmm_regime open_inside_cpr cpr_virgin consecutive_narrow_cprs cpr_midpoint_trend cpr_expansion_factor cpr_above_prev_cpr prev_close_inside_cpr atr_to_cpr_ratio cpr_width_percentile_252d prev_day_ochoa_type gap_pct cpr_test_count_5d prev_bar_close_pos atr_expansion vol_trend_slope cpr_vol_interaction regime_momentum cpr_rsi_squeeze overlap_vol_signal rs_direction_alignment virgin_momentum narrow_breakout_vol
feature_infos=[0:13.968714] [-43.707867062782775:40.692818534130403] [0.0039525691699604003:1] [3.4075109682283455e-08:5] [2:7] [-3195.521728515625:4644.47509765625] [-2.2795592649916019:2.3299742704280728] [0:100] [-180.36284000000001:181.74637000000001] [0:6] none [-1:1] [-0.99546999999999997:0.99546999999999997] [-228.07597000000001:228.886] [0:10] [-6:6] [-6:6] [-6:6] [-6:6] none none [10.24:24.199999999999999] [0:50] [-100:100] [-0.99546999999999997:0.99546999999999997] [0:5] [-1:1] [-0.14999999999999999:0.14999999999999999] [-0.14999999999999999:0.14999999999999999] [-180.10740999999999:182.71979999999999] [-180.68316999999999:180.97502] [-180.68316999999999:181.81095999999999] [-1:1] [-5:5] [0:251] [0:32] [0:1] [-5:5] [0:1] [0:5] none [0:1] none [0:9] [-3.2370000000000001:2.1753999999999998] [0.10000000000000001:10] [0:1] [0:1] [0.10000000000000001:20] [0:0.996] [0:3] none none none none none [-20:5] [-360.72568000000001:363.49274000000003] [0:0.99672979679999996] [0:5] [-0.054199999999999998:12] none [0:35]
tree_sizes=4009 4081 4042 4047 4082 4085 4067 4053 4081 4066 4065 4081 4071 4075 4099 4097

Tree=0
num_leaves=36
num_cat=0
split_feature=28 36 27 28 37 45 37 26 6 27 37 12 37 30 60 27 27 8 37 27 0 5 7 21 21 37 26 37 21 37 27 0 33 6 17
split_gain=2051.48 1849.57 1297.71 1232.76 1006.18 863.807 564.252 1301.02 563.647 541.468 298.199 295.05 288.883 285.276 278.574 244.497 227.586 202.739 196.801 176.008 175.971 209.146 159.179 151.252 189.685 149.634 240.883 179.14 149.163 142.063 134.317 133.382 129.612 187.312 128.223
threshold=-0.011394999999999999 0.98280000000000012 0.038045000000000002 0.015855000000000005 -0.29254999999999992 0.99995000000000012 0.38375000000000004 -0.045149999999999996 0.25259576319800014 -0.0089949999999999978 -0.37604999999999994 0.013375000000000001 1.0157500000000004 0.013255000000000001 2.2297000000000007 0.019285000000000004 -0.0094849999999999986 -0.0024679004999999996 -1.0645499999999999 0.024405000000000007 0.40767597500000002 -2.1923420429229732 58.484251728233183 12.840000000000002 11.245000000000003 -0.16664999999999996 0.89635000000000009 -0.65994999999999993 14.960000000000003 -0.88674999999999993 -0.055014999999999994 1.1821324500000003 0.43755000000000005 0.69353517611355686 0.99255000000000015
decision_type=2 2 2 2 2 2 2 2 2 2 2 2 2 2 2 2 2 2 2 2 2 2 2 2 2 2 2 2 2 2 2 2 2 2 2
left_child=6 2 8 5 9 -3 18 14 15 -5 -4 -6 32 -7 -8 16 25 -9 -1 -20 -15 -22 -14 24 -17 26 -2 -28 29 -25 -10 -18 -12 -34 -33
right_child=1 3 10 4 11 13 7 17 30 -11 12 -13 22 20 -16 23 31 -19 19 -21 21 -23 -24 28 -26 -27 27 -29 -30 -31 -32 34 33 -35 -36
leaf_value=-0.929314010809419 -0.98080172100832386 -1.0084510889773097 -0.96715016203086146 -0.67264850388761876 -1.0170612829748973 -1.1044915678217071 -0.95190703168580237 -0.91767044752148119 -0.86921608327001776 -0.94882946856688433 -0.90523603653339557 -0.77868502135162432 -1.0136352716598018 -1.080988603963386 -0.85692899561573166 -0.97670315198179225 -1.0162275821786515 -0.67755480384919209 -0.99432433399411801 -0.95668727048417757 -0.90247903519943462 -1.0482406117525891 -0.92417408430204095 -1.0288206656015892 -1.0275375818434478 -1.0029291778731493 -0.70931831903378151 -0.927337944145738 -0.99419413896721431 -0.94572691000548581 -0.97315415391565641 -0.87901484815838027 -0.8736610127095823 -0.71366092031230388 -0.99739586571858674
leaf_weight=860.62686601281166 1383.4173513799906 1693.7073760032654 2949.8212106227875 149.93088063597679 1550.8598440587521 3804.1517666876316 2889.022467687726 41.909813091158867 129.27111361920834 137.53502042591572 396.07724766433239 54.30567330121994 282.74366860091686 565.29057751595974 349.83872148394585 1196.2988901138306 25802.278166770935 233.55374713242054 3549.9382525384426 1942.6083786338568 155.44015184044838 276.25059896707535 694.95521050691605 240.24357645213604 1952.0528435558081 4636.6419976204634 57.25706858932972 113.7270984351635 2762.3092299848795 1544.7602937966585 4467.822187140584 136.15770262479782 220.7643675506115 111.16922251880169 288.05618011951447
leaf_count=4374 7031 8608 14992 762 7882 19334 14683 213 657 699 2013 276 1437 2873 1778 6080 131136 1187 18042 9873 790 1404 3532 1221 9921 23565 291 578 14039 7851 22707 692 1122 565 1464
internal_value=-0.99849 -1.00573 -0.998312 -1.04937 -0.977979 -1.07017 -0.956131 -0.923811 -1.00357 -0.804784 -0.947804 -1.009 -0.914348 -1.09195 -0.941648 -1.00739 -1.01122 -0.714086 -0.974009 -0.981013 -1.04408 -0.995756 -0.950046 -0.991285 -1.00822 -0.993881 -0.96689 -0.854329 -0.979559 -0.956911 -0.970231 -1.01531 -0.866407 -0.820074 -0.9594
internal_weight=67620.8 57753.3 49365.8 8387.47 1892.63 6494.84 9867.5 3514.32 44710.3 287.466 4655.53 1605.17 1705.71 4801.13 3238.86 40113.2 32417.5 275.464 6353.17 5492.55 996.981 431.691 977.699 7695.66 3148.35 6191.04 1554.4 170.984 4547.31 1785 4597.09 26226.5 728.011 331.934 424.214
internal_count=343672 293522 250894 42628 9619 33009 50150 17861 227233 1461 23661 8158 8669 24401 16461 203869 164757 1400 32289 27915 5067 2194 4969 39112 16001 31465 7900 869 23111 9072 23364 133292 3700 1687 2156
is_linear=0
shrinkage=1


Tree=1
num_leaves=36
num_cat=0
split_feature=28 36 30 27 50 13 13 37 27 0 13 37 37 27 35 12 16 28 37 13 14 37 16 3 27 27 37 35 35 34 37 15 35 29 28
split_gain=1632.34 1532.4 1093.58 1051.73 570.449 502.207 423.116 375.584 695.361 359.503 345.777 302.205 259.313 242.403 228.439 299.957 222.131 182.565 169.922 164.171 147.139 146.982 144.296 142.413 157.896 128.754 125.907 125.035 191.118 155.514 122.01 214.265 121.877 119.138 118.99
threshold=-0.011804999999999998 0.98280000000000012 0.016995000000000007 0.046845000000000005 1.5000000000000002 0.67171500000000017 -0.37614999999999993 0.39765000000000006 0.016095000000000002 0.77599305000000007 -0.19125999999999996 0.15745000000000003 -0.15964999999999999 0.011425000000000001 7.5000000000000009 0.18476000000000001 -1.1578499999999996 0.040955000000000012 -0.88674999999999993 0.12642500000000004 0.94285000000000008 -1.0645499999999999 1.0137500000000002 1.0439086343101212 0.067735000000000017 0.037245000000000007 0.070650000000000004 1.5000000000000002 10.500000000000002 10.500000000000002 -0.5523499999999999 1.0138500000000004 12.000000000000002 0.082415000000000002 0.011445000000000002
decision_type=2 2 2 2 2 2 2 2 2 2 2 2 2 2 2 2 2 2 2 2 2 2 2 2 2 2 2 2 2 2 2 2 2 2 2
left_child=7 3 4 5 13 6 11 21 16 20 -10 27 22 34 19 17 -9 30 -7 -8 -4 -1 -11 -5 -25 -23 -21 -2 29 -29 31 -16 -17 -20 -3
right_child=1 2 9 23 -6 18 14 8 10 12 -12 -13 -14 -15 15 32 -18 -19 33 26 -22 25 -24 24 -26 -27 -28 28 -30 -31 -32 -33 -34 -35 -36
leaf_value=0.06097193518752303 -0.038671628207774485 -0.10424657001846634 -0.030010945401444278 0.032242136352842302 -0.012960076517772735 0.12611493770269938 -0.017759197446890602 0.10414102401672115 0.093020008702191945 -0.015999842038635678 0.28640516639124514 0.10003382841168054 0.0058778830146843401 -0.031325518592934559 -0.012628455744726142 0.04511991518328299 0.036007282476968779 0.0066807081219000296 0.013521523390990544 0.046527432475598859 0.025073249298294801 0.010290564600790095 0.26557524613324662 0.044174721476564718 0.10439564300387057 0.055580041200190382 0.0042229477107879184 0.00099717911889890022 -0.0013663091346608495 0.052420444448827812 -0.029237243099940743 0.10982604106855097 -0.0018139721978826958 0.060929155224971596 -0.059368462680840187
leaf_weight=876.8982760310173 539.99608650803566 3177.8614526689053 906.76920026540756 1398.6853620558977 1406.1569451838732 146.68470606207848 3232.0865840911865 593.14591439068317 180.01569490134716 21.887153893709183 194.24371048808098 378.14398109912872 97.149637252092361 693.31403034925461 1220.4289354532957 803.91072131693363 2616.2105981707573 1817.9859386831522 7436.2006274014711 846.65124067664146 1066.1440836489201 4585.4946538805962 115.10322947800159 853.82186146080494 907.65459921956062 736.1314921528101 4433.6893869787455 943.69703559577465 4296.0970383733511 1604.9282899945974 16161.493178606033 163.76334637403488 1835.8242677152157 577.23451063036919 735.10706277191639
leaf_count=4321 2747 16950 4652 6973 7214 733 16478 2909 874 109 875 1928 493 3625 6181 4081 12979 9224 37622 4297 5417 23156 523 4249 4460 3671 22652 4791 21823 8143 82651 814 9341 2897 3819
internal_value=-0.000160401 -0.00658548 -0.0467861 7.65152e-05 -0.0690013 -0.003742 -0.00856855 0.0378158 0.0637209 0.0137324 0.193389 0.0123855 0.1315 -0.0861089 -0.013899 -0.0193087 0.0485996 -0.0236421 0.018899 8.41705e-05 -0.000243926 0.022839 0.220587 0.0561899 0.0752054 0.0165554 0.0110061 0.00789735 0.0115713 0.0333796 -0.026784 0.00185908 0.0124794 0.0169365 -0.0958156
internal_weight=67600.6 57818.5 8219.49 49599 6012.44 46438.8 38278.7 9782.14 3583.62 2207.05 374.259 7762.86 234.14 4606.28 30515.8 22003.4 3209.36 19363.7 8160.12 8512.43 1972.91 6198.52 136.99 3160.16 1761.48 5321.63 5280.34 7384.72 6844.72 2548.63 17545.7 1384.19 2639.73 8013.44 3912.97
internal_count=343672 294887 42802 252085 31608 236403 195151 48785 17637 11194 1749 39432 1125 24394 155719 112292 15888 98870 41252 43427 10069 31148 632 15682 8709 26827 26949 37504 34757 12934 89646 6995 13422 40519 20769
is_linear=0
shrinkage=0.100523


Tree=2
num_leaves=36
num_cat=0
split_feature=28 27 13 27 28 37 59 37 26 45 37 37 28 3 37 28 35 17 21 21 35 45 21 21 28 21 30 6 27 12 8 7 21 18 3
split_gain=1303.87 1267.51 812.056 540.652 751.776 1291.34 579.23 331.04 683.481 298.723 291.883 260.304 252.384 227.52 221.717 219.205 203.843 194.474 187.093 230.493 185.925 175.636 168.603 168.097 166.225 165.874 147.801 148.721 143.739 141.579 141.153 140.739 136.235 134.963 127.378
threshold=-0.011394999999999999 0.028305 0.49415000000000003 0.012005000000000002 0.010865000000000001 -0.29254999999999992 0.012539215000000003 0.38375000000000004 -0.074749999999999997 0.99995000000000012 -0.36584999999999995 1.1586500000000004 0.016045 0.92879725707352812 -0.0044499999999999991 -0.058214999999999996 7.5000000000000009 1.0036500000000002 12.840000000000002 11.535000000000002 13.500000000000002 1.0000500000000001 11.300000000000002 15.050000000000002 0.0055550000000000009 14.875000000000002 -0.068874999999999978 0.10881739473468702 0.051955000000000008 0.077905000000000016 0.024565518000000005 73.765170069993857 15.195000000000002 1.07115 4.9982444416192813
decision_type=2 2 2 2 2 2 2 2 2 2 2 2 2 2 2 2 2 2 2 2 2 2 2 2 2 2 2 2 2 2 2 2 2 2 2
left_child=7 2 3 4 6 12 31 23 15 -8 28 24 17 -14 -4 -9 -7 -6 19 20 22 -11 29 26 -12 -20 -1 -28 -3 -5 32 -2 -25 -26 -13
right_child=1 10 14 18 5 16 9 8 -10 21 11 34 13 -15 -16 -17 -18 -19 25 -21 -22 -23 -24 30 33 -27 27 -29 -30 -31 -32 -33 -34 -35 -36
leaf_value=0.044395950477354104 -0.023496781548008324 0.0032136183760761005 0.046619598969920774 0.0062999893228421755 0.14639455816170532 -0.0015801181106775252 -0.02548580735436335 0.082039437471971691 0.19553828283848523 -0.099578938901755176 0.046633934943589708 0.0072008425846173015 0.050635782468706515 0.22325538462990388 0.0052791384282249981 0.026524632519908775 -0.028065418902169847 0.0021101655588964875 0.029080364925993658 -0.0396775734871525 -0.018409312610461793 -0.037745720377890521 -0.050120328983687172 0.15584480748905541 0.13638193168963031 -0.00334834856521119 -0.0045024692417183262 0.047230899623984621 0.03965626774760668 0.088618184048081389 0.10844907452946057 -0.086255984791332299 0.015159934490515883 0.051730376859679135 0.067745297667316129
leaf_weight=1128.3473593741655 5228.0174954235554 3435.78719368577 1497.2944061309099 357.65062581002712 153.08348524570465 4091.9879660159349 919.78934845328331 1033.6495523154736 327.34202972054482 2952.1177556812763 752.89278884232044 1176.6522523611784 109.27630335092545 262.50424912571907 10532.454651519656 2359.0478414595127 10398.121500134468 246.2286159992218 2598.0279035270214 2316.1319179832935 1536.3102385401726 550.81021785736084 187.70870852470398 77.977523922920227 626.13040287792683 4123.7027728259563 3625.9169107377529 664.40841886401176 1604.3711602091789 515.33477431535721 345.99232280254364 387.85844737291336 643.89122268557549 273.43093578517437 500.49817237257957
leaf_count=5600 26888 17276 7478 1825 786 20949 4748 4956 1410 16550 3770 5838 532 1185 53392 11495 53956 1262 13188 11926 7879 2827 963 383 3010 21085 18079 3300 7856 2600 1722 2023 3205 1298 2432
internal_value=-0.000186274 -0.00607924 -0.0122587 -0.0196468 -0.0278944 -0.0138406 -0.0492597 0.0329167 0.0568223 -0.0764691 0.0300716 0.0531677 0.112917 0.172518 0.0104246 0.0434383 -0.020586 0.0574244 -0.00171241 -0.0166223 0.00393944 -0.0898561 0.0363094 0.0192068 0.0814837 0.00918572 0.0120231 0.00350905 0.014814 0.0548936 0.0556594 -0.0278312 0.0303571 0.110651 0.0252687
internal_weight=67540.7 57334.2 48964.4 36934.7 25299.8 15261.2 10038.6 10206.6 3720.04 4422.72 8369.76 3329.6 771.093 371.781 12029.7 3392.7 14490.1 399.312 11634.9 4913.14 2597 3502.93 1060.69 6486.53 1652.45 6721.73 5418.67 4290.33 5040.16 872.985 1067.86 5615.88 721.869 899.561 1677.15
internal_count=343672 293522 252042 191172 131706 78670 53036 50150 17861 24125 41480 16348 3765 1717 60870 16451 74905 2048 59466 25193 13267 19377 5388 32289 8078 34273 26979 21379 25132 4425 5310 28911 3588 4308 8270
is_linear=0
shrinkage=0.100523


Tree=3
num_leaves=36
num_cat=0
split_feature=0 27 59 45 45 28 27 6 37 28 7 37 8 17 37 37 37 58 7 17 27 37 37 28 28 0 37 12 5 21 21 35 9 21 35
split_gain=1147.77 823.043 783.941 445.606 574.369 367.511 328.645 303.674 286.457 614.962 255.918 238.405 205.732 194.808 428.511 214.704 168.171 159.927 151.694 144.062 134.15 226.98 128.768 180.842 125.423 124.507 120.435 158.771 101.642 99.3795 267.287 240.199 215.724 245.777 298.509
threshold=0.80453043000000013 0.015655000000000006 0.024906210000000002 0.99995000000000012 1.0000500000000001 -0.015424999999999998 0.046845000000000005 0.14552175883768778 -0.43904999999999994 0.011445000000000002 18.130137161331849 -0.16664999999999996 -0.065526394999999987 0.95285000000000009 0.41025000000000006 0.58415000000000006 0.41025000000000006 0.72581301966332812 93.883994631555183 1.0031500000000004 0.010235000000000003 0.52895000000000014 -0.62774999999999992 0.011445000000000002 0.016045 1.7459509500000003 -0.98714999999999986 0.56368000000000007 462.82452392578131 12.810000000000002 11.245000000000003 13.500000000000002 1.5000000000000002 14.520000000000001 22.500000000000004
decision_type=2 2 2 2 2 2 2 2 2 2 2 2 2 2 2 2 2 2 2 2 2 2 2 2 2 2 2 2 2 2 2 2 2 2 2
left_child=1 2 5 -4 8 -1 11 17 9 -5 16 29 -12 14 -13 -15 -2 22 25 -11 -10 -22 23 -7 -21 -14 -8 -28 -9 30 31 -3 33 34 -31
right_child=10 6 3 4 -6 7 26 28 20 19 12 13 18 15 -16 -17 -18 -19 -20 24 21 -23 -24 -25 -26 -27 27 -29 -30 32 -32 -33 -34 -35 -36
leaf_value=0.026882312946486051 0.034224560477725458 0.056869700036813742 -0.011555293395020105 -0.087908792442038128 -0.010607545082996489 0.0047632476302238037 0.015431470435713843 0.0098308989427607091 -0.095556383014681306 0.26257448954558299 0.062663707345263372 0.025422220914054966 0.015963122853715522 0.1279648820341423 0.14249754604986337 -0.0044484333964745302 0.21236758409250517 -0.089885110660669412 0.15990402366692913 -0.018818449223720647 -0.076820237242952519 0.066923263665034344 -0.016231040676091966 0.13828993455496094 0.2191590423259174 0.049521736750962823 0.052224351468166799 0.16155495190010702 0.15955342305395739 0.10795601567740486 -0.041750751244013201 -0.027794804949688542 -0.01119515550245913 -0.0051462987862071694 -0.022324339215812467
leaf_weight=3050.0094809830189 94.066549926996231 704.93226666748524 3681.103487059474 303.9465272128582 1925.5122032165527 676.07748176157475 847.64277459681034 5379.9549152851105 3003.3213989287615 70.043376013636589 1357.1826851814985 2970.518904030323 9200.159835845232 129.83164861798286 353.50359654426575 2636.722628518939 124.3195288926363 289.16830322146416 78.947059288620949 58.374509826302528 501.35998560488224 142.57054702937603 19234.442986041307 120.80683332681656 36.291207045316696 1271.5695009380579 1469.6100724488497 147.71171326935291 46.210701361298561 620.03208634257317 1975.1446687877178 651.60220377147198 3183.4739712327719 861.67321349680424 249.12226144969463
leaf_count=14727 463 3480 18899 1750 9889 3410 4095 27175 17341 321 6533 15010 45808 646 1664 13269 519 1577 338 305 2768 760 99916 568 156 6219 6968 660 223 3075 10211 3312 16057 4319 1241
internal_value=-0.000207433 -0.00634691 -0.0144447 -0.039125 -0.0559236 -0.00611202 0.0122182 -0.0100206 -0.0771234 -0.00314247 0.0278013 0.00638859 0.0258236 0.0214718 0.037873 0.00176559 0.135636 -0.015662 0.0210847 0.153281 -0.0866296 -0.0449943 -0.0145906 0.0250059 0.0724128 0.0200381 0.0461238 0.0622097 0.011106 -0.00475201 -0.0181547 0.0162016 0.00433442 0.0328977 0.0706142
internal_weight=67447 55320.7 38519.2 9722.52 6041.42 28796.7 16801.5 25746.7 4115.91 468.656 12126.2 14336.6 11907.9 6090.58 3324.02 2766.55 218.386 20320.5 10550.7 164.709 3647.25 643.931 20031.3 796.884 94.6657 10471.7 2464.96 1617.32 5426.17 8245.98 3331.68 1356.53 4914.3 1730.83 869.154
internal_count=343672 283792 199785 52189 33290 147596 84007 132869 23401 2532 59880 72284 58898 30589 16674 13915 982 105471 52365 782 20869 3528 103894 3978 461 52027 11723 7628 27398 41695 17003 6792 24692 8635 4316
is_linear=0
shrinkage=0.100523


Tree=4
num_leaves=36
num_cat=0
split_feature=0 36 45 29 27 30 28 30 28 7 27 6 0 27 35 23 28 28 27 23 49 21 30 27 27 30 29 7 22 31 27 21 21 35 21
split_gain=925.376 986.622 796.414 539.802 411.245 315.935 249.303 227.954 303.747 209.403 171.015 168.025 138.643 133.523 161.817 256.482 116.383 111.42 109.82 105.143 113.721 94.4988 91.5529 88.9455 88.8447 86.3413 84.679 81.9946 84.1593 81.9526 80.4629 79.2422 150.325 187.032 126.206
threshold=0.58442450000000001 0.99095000000000011 0.85890000000000011 0.016325000000000003 0.037245000000000007 -0.097394999999999995 -0.0078349999999999982 0.0082050000000000022 -0.011394999999999999 25.2198989965968 -0.0089949999999999978 0.19449635246260419 1.1821324500000003 0.013215000000000003 7.5000000000000009 44.105000000000011 0.015855000000000005 0.016435000000000002 0.015255000000000001 83.75500000000001 0.15855000000000005 15.475000000000001 -0.083464999999999998 0.053875000000000006 -0.002885 0.015305000000000001 0.078685000000000019 85.405756523086822 8.5569000000000006 0.045825000000000012 -0.0092349999999999984 12.840000000000002 11.245000000000003 13.500000000000002 14.875000000000002
decision_type=2 2 2 2 2 2 2 2 2 2 2 2 2 2 2 2 2 2 2 2 2 2 2 2 2 2 2 2 2 2 2 2 2 2 2
left_child=1 4 -3 7 6 -2 22 -4 -9 18 25 13 19 14 15 -8 -5 27 -7 20 -11 -17 -1 -14 -19 -10 -6 28 -16 -20 -21 32 33 -15 -33
right_child=5 2 3 16 26 9 11 8 10 12 -12 -13 23 31 17 21 -18 24 29 30 -22 -23 -24 -25 -26 -27 -28 -29 -30 -31 -32 34 -34 -35 -36
leaf_value=0.0413766200444948 0.060069555690573352 -0.0012442621542138675 -0.093986939255029947 0.0099674260902704141 0.02385859755708428 -0.010350541572167807 -0.0316035109292261 0.12725822865745942 -0.025703191200100575 -0.0085149758025386095 -0.067869331058728916 0.011044238678024957 0.022421728631772966 0.050236462518082121 -0.03057545092234706 0.021907941648214569 0.16645725541909595 0.0057042268658096711 0.14308650835971917 0.11537912549156562 0.012043735150731085 -0.04193702340404673 0.0083872928702202632 0.066087376127744041 -0.020572926290457948 0.13198822829043647 0.062289843516077824 -0.11963711456705883 0.03449700487188101 0.056162292826306304 0.0036441023826950811 0.026777575992949165 -0.028710341062524059 -0.021554538325488069 -0.0056226169829742718
leaf_weight=1016.3891086578369 1657.3795810043812 2979.3306451439857 2649.3984541594982 87.706144735217094 2439.633191421628 120.21824023127556 1720.1680229753256 96.134771153330803 74.605535417795181 3894.8505180329084 1369.5594151616096 3955.5241061896086 3844.1097041368484 702.00285486876965 7144.8257590383291 2877.0623720139265 106.13964919745922 2007.6233070939779 211.71817967295647 158.09868659079075 9004.3029220104218 255.02771887183189 5195.0206875503063 537.26891577243805 3689.7705529481173 66.234330072999001 759.77571062743664 101.68167349696159 206.64214141666889 227.23982782661915 110.74485827982426 2005.2831284850836 2219.9601600468159 767.72121894359589 3081.8640685677528
leaf_count=4876 7887 15318 16133 464 11752 606 8926 423 411 19510 7945 19764 18765 3417 37557 14791 523 10508 930 704 45086 1308 25767 2537 19429 314 3487 553 1086 1081 550 9928 11679 3953 15704
internal_value=-0.000220573 -0.00781603 -0.0414675 -0.0683988 -0.00158874 0.0180611 -0.00458268 -0.0758709 -0.0459949 0.0142163 -0.0570223 -0.00829478 0.0122867 -0.0111513 -0.0161074 -0.000417941 0.0956534 -0.0218964 0.0747744 0.00713289 0.00583611 0.0167094 0.0137854 0.0277763 -0.0113135 0.0484558 0.032985 -0.0299863 -0.0287463 0.0980878 0.0693524 -0.000985442 -0.0122009 0.0127359 0.00714908
internal_weight=67341 47575.1 7429.11 4449.78 40146 19765.9 36946.6 4255.93 1606.53 18108.6 1510.4 30735.2 17549.4 26779.6 18002.8 4852.26 193.846 13150.5 559.176 13168 12899.2 3132.09 6211.41 4381.38 5697.39 140.84 3199.41 7453.15 7351.47 438.958 268.844 8776.83 3689.68 1469.72 5087.15
internal_count=343672 246016 41531 26213 204485 97656 189246 25226 9093 89769 8670 158603 87152 138839 94158 25025 987 69133 2617 65850 64596 16099 30643 21302 29937 725 15239 39196 38643 2011 1254 44681 19049 7370 25632
is_linear=0
shrinkage=0.100523


Tree=5
num_leaves=36
num_cat=0
split_feature=13 6 36 30 45 21 30 58 27 37 37 12 12 37 27 27 13 33 4 37 21 37 28 13 45 28 37 23 37 21 35 35 35 21 21
split_gain=915.807 769.2 601.778 739.869 488.506 266.744 256.906 240.625 180.538 289.47 167.493 200.37 165.286 159.485 222.771 209.811 156.482 136.13 124.679 124.341 122.973 108.445 210.548 108.147 106.072 102.999 102.011 101.712 262.354 101.333 120.685 148.168 111.2 116.572 97.0499
threshold=-0.72372499999999984 0.25259576319800014 0.98280000000000012 0.016545000000000001 0.84045000000000014 12.810000000000002 -0.078234999999999985 0.061002040206513418 0.011425000000000001 0.17455000000000001 0.037850000000000009 0.030465000000000002 0.18476000000000001 -0.35524999999999995 -0.006794999999999999 0.015655000000000006 0.43309000000000003 1.2686500000000003 3.5000000000000004 0.0097500000000000017 10.920000000000002 -0.25054999999999994 0.011245000000000002 -0.37614999999999993 0.61645000000000005 -0.012934999999999999 1.0390500000000003 43.705000000000005 -0.5523499999999999 11.420000000000002 13.500000000000002 5.5000000000000009 30.500000000000004 11.315000000000003 12.840000000000002
decision_type=2 2 2 2 2 2 2 2 2 2 2 2 2 2 2 2 2 2 2 2 2 2 2 2 2 2 2 2 2 2 2 2 2 2 2
left_child=5 2 6 4 -4 26 -2 18 21 -10 -3 -12 16 14 -9 -15 17 23 -5 -18 -14 22 -6 -8 -17 -11 29 -25 -29 30 31 -1 33 -32 -22
right_child=1 10 3 7 8 -7 12 13 9 25 11 -13 20 15 -16 24 19 -19 -20 -21 34 -23 -24 27 -26 -27 -28 28 -30 -31 32 -33 -34 -35 -36
leaf_value=-0.021201107061815976 0.02508167937069054 0.055568939256493997 -0.0066510212820030902 0.1083370143969149 -0.081020257378612362 0.047032378922514016 -0.0010355545086261975 0.13522944927207087 -0.087993074560253459 0.19415206907588253 0.011663267466501877 0.07889817492658191 0.071232230367274912 -0.037616523249408791 -0.020681749920297064 -0.00036493972845959467 0.028556746676807406 0.010068377256806387 -0.080748916991705902 -0.0026635485478750847 -0.0144939852629404 -0.093773437736706947 0.048983504040477875 -0.02688947881544284 0.11298531515014233 0.023644239233330051 0.061995145087883334 0.048145215056299984 -0.015916612378975979 -0.017035432752185962 -0.024778074764201859 0.092561137362327364 0.21184819866418744 0.074012145195397797 0.013999946545524805
leaf_weight=165.43766236305237 2847.7712959647179 1675.2354184836149 1504.5646501034498 332.36028881371021 497.38468407094479 4747.0549142509699 4618.4291032105684 187.15649817883968 344.37927514314651 41.750667452812195 4305.8276005685329 499.8911866992712 305.56215816736221 1077.2307898104191 183.30200585722923 175.47762186825275 1535.5982490926981 2428.9115410596132 39.415780544281006 8028.8120637536049 1693.1523482054472 2496.9170189797878 168.53875264525414 7975.435346737504 159.02319183945656 251.13922140002251 329.1108390390873 685.82575821876526 11118.617249965668 1340.8570906072855 702.49820978939533 384.7038742005825 23.94662007689476 145.73605446517467 4214.2885448634624
leaf_count=798 13932 7904 7799 1469 3223 22998 23132 843 1938 175 21143 2336 1483 5739 949 881 7511 12229 208 40904 8648 16102 879 41353 741 1358 1513 3330 58359 6743 3509 1864 118 724 20837
internal_value=-0.000226267 -0.0044887 -0.00849246 -0.0349567 -0.0551312 0.0320665 -0.00414974 0.0147281 -0.0743258 -0.0255133 0.0281983 0.0186571 -0.00610362 -0.000617384 0.0580848 -0.0160217 -0.00869067 -0.0126265 0.0882899 0.00234897 0.0090496 -0.0841608 -0.0481175 -0.0148858 0.0535222 0.0479501 0.00909204 -0.0181198 -0.0121947 0.00279094 0.0214818 0.0583506 -0.00177377 -0.00780472 0.00583319
internal_weight=67231.3 59392 52911 7458.64 5304.67 7839.35 45452.4 2153.97 3800.11 637.269 6480.95 4805.72 42604.6 1782.19 370.459 1411.73 36391.6 26827.2 371.776 9564.41 6213 3162.84 665.923 24398.3 334.501 292.89 3092.29 19779.9 11804.4 2763.18 1422.32 550.142 872.181 848.234 5907.44
internal_count=343672 305405 274022 42304 31474 38267 231718 10830 23675 3471 31383 23479 217786 9153 1792 7361 186818 138403 1677 48415 30968 20204 4102 126174 1622 1533 15269 103042 61689 13756 7013 2662 4351 4233 29485
is_linear=0
shrinkage=0.100523


Tree=6
num_leaves=36
num_cat=0
split_feature=13 6 36 30 0 37 50 57 21 12 14 31 37 28 29 16 13 35 28 37 3 35 21 21 9 3 0 13 29 13 37 21 35 35 35
split_gain=743.13 629.267 479.576 631.776 260.762 257.178 241.024 222.099 218.118 164.077 143.847 141.964 138.047 167.646 109.963 105.838 117.256 103.628 102.452 114.988 95.5388 93.4009 226.22 97.4043 247.273 100.58 92.5337 95.3576 91.9397 84.4365 84.172 86.9281 101.889 129.297 82.9434
threshold=-0.72372499999999984 0.14906987383676268 0.98280000000000012 0.016545000000000001 0.88545626500000008 0.037850000000000009 1.5000000000000002 -0.10714769299999999 12.810000000000002 0.032010000000000004 0.95885000000000009 0.012715000000000002 0.53775000000000006 -0.006134999999999999 0.016585000000000006 -1.0282499999999997 0.19530500000000003 9.5000000000000018 0.035135000000000007 -0.80564999999999987 0.0072274247375820012 18.500000000000004 16.945000000000004 14.275 1.0000000180025095e-35 0.86827555605126583 0.47473960000000009 -0.33748499999999998 -0.057914999999999994 0.67171500000000017 1.0390500000000003 11.420000000000002 13.500000000000002 5.5000000000000009 30.500000000000004
decision_type=2 2 2 2 2 2 2 2 2 2 2 2 2 2 2 2 2 2 2 2 2 2 2 2 2 2 2 2 2 2 2 2 2 2 2
left_child=8 2 7 6 10 18 12 -2 30 29 -5 15 14 -14 -4 -9 26 -13 28 -20 -18 23 -23 24 -10 -25 27 -17 -3 -7 31 32 33 -1 -34
right_child=1 5 3 4 -6 9 -8 11 21 -11 -12 17 13 -15 -16 16 20 -19 19 -21 -22 22 -24 25 -26 -27 -28 -29 -30 -31 -32 -33 34 -35 -36
leaf_value=-0.02222467742647764 0.02343491283135336 0.10367116603422392 -0.074363699825580429 -0.034300067805462083 0.11298356925988512 -0.011631384604432689 -0.014185404487653062 0.0017048404711182677 0.16379692445679492 0.05483271876207662 0.025474514794438886 0.0099630855911480541 0.091125537352240923 -0.055561372717890793 0.037724018270880511 -0.006862705710116648 0.1006374843561199 -0.006263205575001784 0.0032038862033196957 0.10589506621835383 -0.0075907390509519944 0.04943124393127675 0.17500968281081741 0.0092714383426268539 0.032138982393759757 0.049916003670910758 -0.0080408875487789824 -0.036454411706740485 0.027374101033546861 0.010342687622881578 0.055869309586332176 -0.01621591275856803 -0.0076888106342773129 0.083260978215559583 0.17464808278749644
leaf_weight=165.673415184021 2608.6707609295845 171.22139242291451 3308.9650785475969 683.23004285991192 241.4107631444931 2450.2226217240095 1247.7083169072866 4150.9952613860369 191.26388099789619 698.56132517755032 1005.5526565909386 6405.0666554272175 120.2429254502058 228.04177209734917 90.870583549141884 1399.6556032896042 83.446550816297531 10491.809359386563 148.28955362737179 428.7955731600523 6693.6792642921209 1260.2611223608255 163.7944773286581 1686.9694639891386 585.1913219243288 968.40729740262032 2710.4612715542316 5146.5711561441422 2350.366790920496 6337.112509265542 332.47131118178368 1326.7665957957506 840.5820639282465 403.11367850005627 25.988506436347961
leaf_count=807 12598 791 21668 3675 1032 12496 6573 20786 894 3223 5008 32417 642 1428 478 7122 421 54351 682 1858 34772 6006 768 8132 2772 4510 13748 27193 11317 31257 1496 6723 4210 1883 118
internal_value=8.49773e-05 -0.0037903 -0.00917509 -0.0335827 0.015261 0.0161563 -0.052454 -0.00491592 0.0289411 0.00794309 0.0012915 -0.00691038 -0.0651932 -0.00491849 -0.0713678 -0.0126011 -0.0163048 -0.000112332 0.0412992 0.0795074 -0.00625811 0.0422328 0.0638753 0.0332522 0.0645704 0.0240944 -0.0236602 -0.0301274 0.0325549 0.00421552 0.00808429 0.00233248 0.0194776 0.0525355 -0.00222037
internal_weight=67151.4 59200.9 46616.4 6926.02 1930.19 12584.6 4995.83 39690.4 7950.48 9485.9 1688.78 37081.7 3748.12 348.285 3399.84 20184.8 16033.8 16896.9 3098.67 577.085 6777.13 4855.89 1424.06 3431.83 776.455 2655.38 9256.69 6546.23 2521.59 8787.34 3094.6 2762.12 1435.36 568.787 866.571
internal_count=343855 305536 243912 40504 9715 61624 30789 203408 38319 46976 8683 190810 24216 2070 22146 104042 83256 86768 14648 2540 35193 23082 6774 16308 3666 12642 48063 34315 12108 43753 15237 13741 7018 2690 4328
is_linear=0
shrinkage=0.100523


Tree=7
num_leaves=36
num_cat=0
split_feature=27 36 45 30 29 37 27 37 27 37 7 37 6 37 27 16 12 28 21 15 28 21 29 21 1 37 21 28 12 35 1 28 26 21 12
split_gain=569.697 646.548 400.572 466.762 374.135 325.435 318.016 253.815 203.82 197.882 189.96 172.909 162.349 148.923 146.46 141.051 121.736 155.322 140.012 112.561 150.733 110.237 107.001 103.988 99.4201 89.3757 88.3667 82.6112 85.6943 87.2801 81.4581 79.6344 79.2047 76.9181 75.4913
threshold=0.019535 0.98280000000000012 0.85890000000000011 0.013255000000000001 -0.044714999999999998 -0.42794999999999994 -0.0061749999999999991 -0.23364999999999997 0.015255000000000001 -1.10795 23.952975666729881 0.43175000000000002 0.19449635246260419 0.30725000000000008 0.036495000000000007 -1.0936499999999996 -0.041174999999999996 0.093705000000000011 16.735000000000003 1.0016500000000004 0.016045 12.885000000000003 0.013435000000000001 11.420000000000002 0.49264919508666255 0.0044500000000000008 15.965000000000002 0.041735000000000008 0.18034000000000003 7.5000000000000009 -0.031162531689815195 -0.018244999999999994 0.85340000000000005 16.055000000000003 -0.0096349999999999977
decision_type=2 2 2 2 2 2 2 2 2 2 2 2 2 2 2 2 2 2 2 2 2 2 2 2 2 2 2 2 2 2 2 2 2 2 2
left_child=1 4 -3 22 -1 6 19 14 24 32 13 -10 15 -9 -2 -11 25 18 -18 -5 -21 23 -4 -16 -7 -12 27 28 29 -17 -30 -28 -6 -33 -26
right_child=7 2 3 5 9 8 -8 10 11 12 16 -13 -14 -15 21 26 17 -19 -20 20 -22 -23 -24 -25 34 -27 31 -29 30 -31 -32 33 -34 -35 -36
leaf_value=0.032134938594298196 -0.0062796323185448861 -0.0020039221910601646 -0.077822621482325105 0.22473638303419241 0.034182432550702954 -0.063755698581440548 -0.08593899819152391 0.017749336154229429 -0.060532402813647933 0.026974597280239411 0.079733046132345109 0.15593555418475369 0.010082904363185695 0.17493300025202027 0.021166698932728049 -0.0036730358553062224 0.023730254601715347 0.086812577205744604 0.08643119088585792 -0.045005972385423268 0.17780296023148567 0.029687384301083836 0.034868580782233663 -0.033997660498791292 0.1463532592127571 0.0006291661259210169 0.073003874333014071 0.014011737602022265 0.026854224222836336 -0.016934246910514084 -0.0077028801664721014 0.0787777103565689 0.12589068985779003 -0.00068861196819827144 -0.041885091475387652
leaf_weight=3202.5942222625017 5409.0306921750307 2446.3540743589401 2922.9073285460472 104.45546470582485 613.22736319899559 712.36887161433697 79.175418093800545 99.393581703305244 60.222572296857834 1159.9928562045097 155.29303935170174 97.905589267611504 6391.6618798971176 157.31044468283653 734.90139222145081 6958.6487843096256 4503.8857643008232 514.29793067276478 391.12335108220577 53.181906953454018 72.51549120247364 2911.6681371033192 87.694788962602615 651.34158158302307 42.313466161489487 2044.2981842160225 193.51941686868668 1366.572749376297 1079.5419958382845 17956.139746174216 1906.6169112175703 132.84901022911072 112.64336021244526 1673.9909860640764 43.825267508625984
leaf_count=14920 27187 12757 20398 447 2926 4140 481 476 291 5633 665 423 31267 653 3498 35687 21784 2219 1835 280 293 13716 507 3170 210 10009 909 6914 5442 94900 9681 685 505 8703 244
internal_value=5.42976e-05 -0.0054684 -0.0344465 -0.0530048 -0.000911056 -0.00179163 0.0878376 0.015602 -0.0307733 -0.0035873 0.0290229 0.0734941 -0.00455965 0.114073 0.00472696 -0.00744576 0.0261535 0.0342616 0.0287402 0.147619 0.0835333 0.0185791 -0.0745401 -0.00475284 -0.0514215 0.00621401 -0.00872271 -0.0101198 -0.0113017 -0.0132304 0.00479002 0.0117182 0.0484142 0.00515418 0.0505817
internal_weight=67043.5 49470.9 6722.92 4276.57 42748 1265.96 309.328 17572.5 956.636 39545.4 7865.6 158.128 38819.5 256.704 9706.94 32427.9 7608.9 5409.31 4895.01 230.153 125.697 4297.91 3010.6 1386.24 798.508 2199.59 31267.9 29267.5 27900.9 24914.8 2986.16 2000.36 725.871 1806.84 86.1387
internal_count=343855 258643 40471 27714 218172 6809 1501 85212 5308 203252 37641 714 199821 1129 47571 168554 36512 25838 23619 1020 573 20384 20905 6668 4594 10674 162921 152624 145710 130587 15123 10297 3431 9388 454
is_linear=0
shrinkage=0.100523


Tree=8
num_leaves=36
num_cat=0
split_feature=0 36 45 30 27 27 1 27 12 27 31 7 28 29 7 3 29 27 60 21 57 28 27 12 21 27 30 5 57 28 29 31 30 31 31
split_gain=491.522 451.868 468.814 381.741 226.272 210.182 186.049 140.462 133.139 121.582 118.327 123.817 113.735 103.555 88.9183 86.4703 86.0585 80.612 73.289 68.6475 144.478 68.8564 66.5121 66.4445 82.9262 79.9955 65.7574 64.8749 61.309 79.3735 61.253 60.5461 58.88 76.2781 58.7037
threshold=0.80453043000000013 0.99995000000000012 0.83225000000000016 0.0097350000000000023 0.038045000000000002 0.015045000000000001 -0.70711003686727081 -0.0094849999999999986 0.35346000000000005 -0.0089949999999999978 -0.18562499999999996 18.130137161331849 0.015855000000000005 0.011825000000000002 87.183839383868005 0.98405563820107023 1.0000000180025095e-35 -0.083194999999999977 2.1237000000000008 15.530000000000003 0.050776005000000006 -0.022764999999999997 0.063000000000000014 -0.057274999999999993 15.565000000000003 0.033045000000000012 -0.063054999999999986 -2.1923420429229732 0.00060045718000000014 0.011245000000000002 0.016055000000000003 0.078495000000000023 -0.058204999999999993 0.015205000000000002 0.025895000000000005
decision_type=2 2 2 2 2 2 2 2 2 2 2 2 2 2 2 2 2 2 2 2 2 2 2 2 2 2 2 2 2 2 2 2 2 2 2
left_child=1 4 -3 13 6 9 -1 26 14 27 -2 -12 16 -4 18 -6 34 -13 -9 32 21 -21 -17 -22 25 -25 -8 -5 29 -11 -18 -28 -19 -34 -7
right_child=10 2 3 5 15 12 7 8 -10 28 11 17 -14 -15 -16 22 30 19 -20 20 23 -23 -24 24 -26 -27 31 -29 -30 -31 -32 -33 33 -35 -36
leaf_value=0.029627267152525619 0.053608779663902678 0.0022537296837097293 -0.079301719995422362 0.10161313266388085 0.0062737865407903257 0.11739146512003427 0.029601790851879348 -0.0087112604556967947 0.021633141939278757 -0.035646509285934123 0.096396995402318303 0.083871225521151255 0.1703356797062944 0.020782445997810733 -0.08140774300308562 0.021818602004839982 -0.069786580845929133 0.028442944179093457 0.012014035784631505 0.055420264672979218 0.016165853615625468 -0.011039415584720047 0.058348612272876695 0.028439378055113575 0.06841082323413776 0.26664916303882968 -0.0015702429273896437 -0.012302866699890514 -0.06150138256531567 0.08090949014475711 0.0609958305591159 0.022207690385251114 -0.0060028509506467424 0.01399550354584974 -0.026032630530848543
leaf_weight=1739.6140459477901 876.76029404997826 3062.5477507710457 2349.8579944372177 92.390328407287598 1711.1754053682089 114.25406953692436 1284.519745439291 31040.140804380178 1614.5578534305096 272.42771716415882 187.23949909210205 164.39430075883865 68.461159244179726 109.32408897578716 165.58879508078098 1230.4868558943272 104.15377037227154 1445.8510319441557 1825.5185387134552 205.27431929111481 208.81039996445179 677.25653429329395 852.66707739233971 21.082737728953362 478.86732099950314 43.930365055799484 4282.8070488125086 111.45999155938625 745.16519016027451 75.372595205903053 55.454326584935188 1447.9422279000282 3097.199137955904 5102.1201656609774 38.571613028645515
leaf_count=8485 3966 15837 17414 451 7992 511 6058 161554 7961 1845 820 735 297 657 910 5791 568 6779 9129 936 1036 3274 3731 101 2197 200 21385 595 4769 394 263 7151 15150 24738 175
internal_value=3.02525e-05 -0.00410159 -0.0275597 -0.0496306 -0.000523133 -0.0126606 -0.00258117 -0.00392608 -0.00655257 -0.0319433 0.0179976 0.0153134 0.0529903 -0.0748524 -0.00793028 0.0230173 0.0272769 0.0139868 -0.00756007 0.0129684 0.0320134 0.00441887 0.0367709 0.064368 0.0828739 0.189403 0.0090452 0.0393266 -0.045236 -0.0103872 -0.024347 0.00443753 0.00973948 0.00644135 0.0811923
internal_weight=66903.2 54394.5 7199.44 4136.89 47195 1677.71 43400.7 41661.1 34645.8 1296.82 12508.8 11632 380.895 2459.18 33031.2 3794.33 312.434 11444.8 32865.7 11280.4 1635.22 882.531 2083.15 752.691 543.88 65.0131 7015.27 203.85 1092.97 347.8 159.608 5730.75 9645.17 8199.32 152.826
internal_count=343855 283923 43776 27939 240147 9868 222633 214148 179554 8054 59932 55966 1814 18071 171593 17514 1517 55146 170683 54411 7744 4210 9522 3534 2498 301 34594 1046 7008 2239 831 28536 46667 39888 686
is_linear=0
shrinkage=0.100523


Tree=9
num_leaves=36
num_cat=0
split_feature=28 27 36 28 37 45 37 27 37 6 37 37 26 28 37 15 6 7 37 27 2 6 3 7 37 28 25 27 30 1 58 28 6 14 3
split_gain=403.654 392.22 382.389 324.636 418.66 259.126 240.246 208.247 152.056 149.01 137.373 130.533 262.69 123.281 185.43 157.79 114.466 107.426 95.2953 105.285 104.462 87.4873 83.8259 80.9589 80.7002 79.2256 73.9864 91.3468 72.8636 73.5 72.1544 70.7454 70.2956 70.1239 69.9903
threshold=-0.011804999999999998 0.028305 0.98280000000000012 0.015855000000000005 -0.29254999999999992 0.85890000000000011 0.53775000000000006 0.010435000000000002 -0.36584999999999995 0.14906987383676268 1.1586500000000004 0.30045000000000005 -0.060049999999999992 0.011245000000000002 -0.29254999999999992 1.0026500000000003 -0.44031225983653027 55.347602623010424 -0.59694999999999987 -0.083194999999999977 0.72336220671095808 -0.51353455292264238 0.91169270995825091 42.731174862072635 -0.032049999999999988 0.083795000000000022 0.96325000000000005 0.0050450000000000009 -0.058204999999999993 -0.89135629860997467 0.72581301966332812 0.062565000000000023 -0.071612015507906482 0.31375000000000003 0.84145731194329343
decision_type=2 2 2 2 2 2 2 2 2 2 2 2 2 2 2 2 2 2 2 2 2 2 2 2 2 2 2 2 2 2 2 2 2 2 2
left_child=11 2 9 5 34 -4 13 -8 23 28 22 18 16 -7 15 -15 -13 -12 20 -20 -1 -21 -10 -3 -11 -19 -6 -28 33 -30 -31 -26 -14 -2 -5
right_child=1 8 3 4 26 6 7 -9 10 24 17 12 32 14 -16 -17 -18 25 19 21 -22 -23 -24 -25 31 -27 27 -29 29 30 -32 -33 -34 -35 -36
leaf_value=0.0098522661514038306 -0.034619463371501291 0.022172028513542042 -0.0073480743033900028 -0.013556738035478301 0.0047923313578461402 -0.076399410955136693 -0.059149423366927349 0.091685341110281593 0.032927778863706798 0.030153470417453788 -0.037611682611952378 0.07261133973227013 0.014471712476266343 0.15260584633718685 -0.07391259257129304 -0.033956909259379428 0.01805502127732889 0.0079062149583452798 -0.076288428937474728 0.071621118169624798 0.061177107000885703 0.0017555108105813564 0.076673495972535033 -0.0039831047924971039 0.0012944629281335608 0.058656674190638171 -0.074713975958348153 0.029046284102101493 0.037730861322266579 -0.0084364167074351022 -0.075744069728630806 0.038938738036232538 0.13695147754587045 0.013600164490351983 0.16372169706946882
leaf_weight=1040.8481168746948 343.74897523224354 1845.4320767521858 1441.2999777197838 25.64983306825161 964.26458264887333 2530.3440773487091 180.78538204729557 189.38287287950516 1038.9410406649113 1382.5769861638546 351.18194979429245 440.63645249605179 56.793906360864639 90.808233290910721 256.46953752636909 92.444630846381187 3291.5052257627249 949.64306609332561 168.31032691895962 189.04884260892868 651.55742499232292 4314.2378557324409 771.1883503049612 3397.4526172727346 7438.5555911064148 462.06405864655972 305.26394785940647 119.21822117269039 346.92476487159729 28256.175928726792 161.86207328736782 541.16578345000744 284.83319993317127 2686.4228070527315 183.4383737295866
leaf_count=4891 1754 8803 7586 118 5094 19454 1345 972 4802 6488 1695 1915 246 423 1760 517 15139 4545 796 871 2995 20832 3399 16392 36983 2041 1754 623 1726 148766 950 2571 1218 13617 774
internal_value=1.09526e-05 -0.0033523 -0.00696383 -0.029864 0.00936366 -0.0429726 -0.0583444 0.0180194 0.0161217 -0.00341433 0.0321136 0.0181689 0.0322193 -0.0678619 -0.0187336 0.0584913 0.0244963 0.0121407 0.00917484 0.00177101 0.0296118 0.0046885 0.0515653 0.00522318 0.00773217 0.0245173 -0.010602 -0.0455722 -0.00669649 -0.00825835 -0.00881979 0.00384742 0.11659 0.00813001 0.141974
internal_weight=66790.5 56352.7 47536.8 6379.37 1597.83 4781.53 3340.23 370.168 8815.9 41157.4 3573.02 10437.8 4073.77 2970.07 439.722 183.253 3732.14 1762.89 6364 4671.6 1692.41 4503.29 1810.13 5242.88 9362.3 1411.71 1388.75 424.482 31795.1 28765 28418 7979.72 341.627 3030.17 209.088
internal_count=343855 294952 253275 40420 8363 32057 24471 2317 41677 212855 16482 48903 18518 22154 2700 940 17054 8281 30385 22499 7886 21703 8201 25195 46042 6586 7471 2377 166813 151442 149716 39554 1464 15371 892
is_linear=0
shrinkage=0.100523


Tree=10
num_leaves=36
num_cat=0
split_feature=13 13 58 21 12 28 37 26 28 36 21 37 35 35 37 26 37 28 35 37 28 37 16 35 21 21 56 35 35 35 9 21 21 28 35
split_gain=437.512 361.855 259.213 236.484 196.461 170.58 453.119 308.405 258.619 256.762 163.783 157.814 146.511 142.285 136.224 347.15 125.963 120.385 117.592 105.873 107.032 92.5845 92.5785 90.5357 100.594 137.984 101.909 100.15 93.0119 127.633 162.51 180.212 90.2559 89.528 87.6609
threshold=-0.40941999999999995 0.67171500000000017 0.72581301966332812 12.810000000000002 0.37031000000000008 0.015655000000000006 0.070650000000000004 0.97900000000000009 -0.010144999999999998 0.99995000000000012 11.420000000000002 -0.5523499999999999 14.500000000000002 30.500000000000004 0.33875000000000005 -0.41124999999999995 1.0000000180025095e-35 0.024945000000000005 5.5000000000000009 0.13375000000000004 -0.0091449999999999986 -1.0000000180025095e-35 -0.95434999999999992 1.5000000000000002 14.425000000000002 14.615000000000002 -1.6218580226768649 2.5000000000000004 28.500000000000004 26.500000000000004 1.0000000180025095e-35 13.890000000000002 10.570000000000002 0.056065000000000011 9.5000000000000018
decision_type=2 2 2 2 2 2 2 2 2 2 2 2 2 2 2 2 2 2 2 2 2 2 2 2 2 2 2 2 2 2 2 2 2 2 2
left_child=3 2 4 10 5 8 7 -7 14 -10 12 -9 18 -14 22 -16 21 -13 -1 23 -21 -3 -2 -5 28 -26 27 -27 29 30 31 34 -20 -8 -25
right_child=1 16 -4 19 -6 6 33 11 9 -11 -12 17 13 -15 15 -17 -18 -19 32 20 -22 -23 -24 24 25 26 -28 -29 -30 -31 -32 -33 -34 -35 -36
leaf_value=-0.0082950613407959846 -0.024619922690611841 0.031426659792482319 -0.071850383164752257 -0.022019809101795192 0.021496005195380374 0.0010225523094126525 -0.010503753529172467 0.14848438094712263 -0.014402668911066743 -0.044614984408485325 -0.017256085800785761 0.030397649339330458 -0.011110346451265412 0.16518689076907322 0.0018499794509390989 0.11883943691966285 0.0072390947883247013 0.1060681564196423 0.18610393291511412 0.037705930025400916 0.11208895820692007 0.14383298013406881 0.01060399460956012 0.14354784519127636 -0.078206843156431421 0.22731669613555874 0.013834623388315566 0.052295484542628667 -0.047587489791729047 0.15973536069543945 0.02341888998471664 0.19156222014186547 0.048284046501442079 0.017425000279441476 0.014581432807457294
leaf_weight=412.16355518996716 1333.0590218901634 1799.2331305593252 644.14159464836121 490.30193811655045 2220.23808157444 1044.0041745007038 13352.782697185874 241.99628874659538 13772.758357673883 3581.6558493375778 2935.2909279167652 597.0500897616148 1529.5783711746335 47.701711311936378 921.92330269515514 354.99648337066174 8379.9870609343052 329.79951432347298 50.228231951594353 1794.5821482539177 219.37532590329647 77.221613332629204 1735.7390000745654 72.954598501324654 155.67051781713963 37.446119263768196 4100.8195910155773 280.57571530342102 108.66303214430809 97.964463338255882 1230.1316591352224 135.1837922334671 1090.0424043238163 1270.1299094110727 197.2644252628088
leaf_count=1992 6764 8296 4549 2390 10493 5034 70787 1048 73102 25292 14760 3175 7573 216 4321 1582 40997 1623 232 8055 1052 314 8290 333 730 169 19760 1277 521 464 5860 616 5174 6087 927
internal_value=-5.76374e-06 -0.00439272 -0.00858033 0.0151161 -0.00758036 -0.00925559 -0.00166262 0.0407306 -0.0151465 -0.020638 -0.000198759 0.0761974 0.0157989 -0.00577851 0.0067835 0.0343743 0.0125106 0.0573235 0.0377217 0.0255281 0.0458083 0.0360526 -0.00469695 0.0196147 0.0227961 0.014809 0.0180858 0.0729041 0.0426298 0.0482851 0.0416094 0.0968054 0.054355 -0.00807789 0.0494006
internal_weight=66642.7 51656.7 41400.3 14985.9 40756.1 38535.9 16835.8 2212.85 21700.1 17354.4 6065.01 1168.85 3129.71 1577.28 4345.72 1276.92 10256.4 926.85 1552.43 8920.93 2013.96 1876.45 3068.8 6906.98 6416.67 4574.51 4418.84 318.022 1842.16 1733.5 1635.53 405.403 1140.27 14622.9 270.219
internal_count=343855 271754 222147 72101 217598 207105 87754 10880 119351 98394 29947 5846 15187 7789 20957 5903 49607 4798 7398 42154 9107 8610 15054 33047 30657 21936 21206 1446 8721 8200 7736 1876 5406 76874 1260
is_linear=0
shrinkage=0.100523


Tree=11
num_leaves=36
num_cat=0
split_feature=13 6 0 7 57 49 31 45 45 7 37 15 27 13 45 29 27 28 57 27 37 27 18 1 60 44 37 26 37 28 33 23 24 37 14
split_gain=365.944 277.578 213.673 204.986 223.251 148.712 127.857 117.824 142.589 97.996 180.23 119.033 113.218 97.5949 93.0516 88.9582 85.7052 71.0712 66.4692 66.1102 65.4877 92.662 63.7403 62.2917 59.0186 72.7483 55.6693 193.056 175.232 80.0196 78.065 72.6633 64.257 63.366 53.4564
threshold=-0.79011999999999982 0.25968287601327228 0.49758222000000002 87.183839383868005 0.03214144700000001 0.36120000000000002 0.015205000000000002 0.81485000000000007 1.0000500000000001 30.86443618347224 0.48115000000000008 -0.97614999999999985 0.016955000000000001 -1.9117349999999997 0.99995000000000012 0.082415000000000002 0.011015000000000002 0.034635000000000006 -0.20623731399999998 -0.055014999999999994 0.0044500000000000008 0.0090450000000000027 -0.97684999999999989 -0.10076593702017918 2.1237000000000008 0.23585000000000003 0.13955000000000004 0.87625000000000008 -0.5523499999999999 0.024365000000000001 2.2378000000000005 33.945000000000007 -0.14627999999999999 -0.057149999999999992 0.0011500000000000002
decision_type=2 2 2 2 2 2 2 2 2 2 2 2 2 2 2 2 2 2 2 2 2 2 2 2 2 2 2 2 2 2 2 2 2 2 2
left_child=13 2 3 5 -5 -2 7 -7 14 10 11 -4 22 20 -9 19 -16 -15 -11 -3 21 -1 23 -12 25 -8 27 -20 32 -30 31 -28 -29 -31 -17
right_child=1 15 9 4 -6 6 24 8 -10 18 12 -13 -14 17 16 34 -18 -19 26 -21 -22 -23 -24 -25 -26 -27 30 28 29 33 -32 -33 -34 -35 -36
leaf_value=-0.076169788213182696 -0.03083417438656311 0.061434425904456288 -0.056088755629417099 -0.082814334059722453 0.10075250302431929 -0.004701227550695076 0.0023868369946795599 -0.01930115416899621 -0.012235057187864939 0.046851532550906495 0.036956301044523313 0.026887986834552267 0.14618103236051447 0.01365910331582041 -0.068382795037850469 -0.022701861726729691 0.0041938877385705314 0.087097167052741092 0.00071845063707763515 0.009038436024868108 0.071846010834400661 0.037739672441540341 -0.0039387759434826265 0.28349835628481795 0.023700930898668756 -0.016836923083287783 0.01301225311522552 -0.050985334700063827 -0.00037787955423908211 0.13275677813993406 0.034073501193619377 -0.01198031837292819 0.13649427439838122 0.033917364257277045 0.04969470944539111
leaf_weight=78.896722033619881 2759.7886976450682 255.63169740140438 225.20051810890436 628.53019624203444 74.928075268864632 9648.7361734956503 10644.034655407071 1098.6782911419868 5578.5994995385408 325.21087689697742 25.240424260497093 778.99330671876669 184.52356204390526 5670.8935727626085 1200.2470375820994 114.51561230421066 190.51154512166977 136.36460164189339 6534.9653866142035 5058.477108463645 549.13386982679367 845.40320235490799 125.53578060865402 17.560998633503914 1037.5619200915098 2446.3801888749003 1447.6027465760708 20.110746473073959 498.96058607846498 95.707343980669975 490.60147280991077 6253.7874983325601 226.7877221852541 207.96759951114655 1030.230889365077
leaf_count=381 16102 1111 1168 4939 367 50438 55983 5795 29376 1439 132 3717 833 26734 10295 498 1187 604 32151 23993 2437 3962 622 84 5134 12934 6871 87 2647 446 2370 32430 1016 1030 4542
internal_value=-2.12348e-05 -0.00263564 -0.00504333 -0.00954144 -0.0632618 -0.00844939 -0.00650943 -0.0121974 -0.0211622 0.00405349 0.0299953 0.00827955 0.0917951 0.021246 -0.0411672 0.0170344 -0.0584409 0.0153836 0.0018671 0.0115589 0.0443513 0.0280165 0.0321792 0.138113 0.000623391 -0.00120576 0.000939806 0.00714563 0.0471647 0.0243834 -0.00480581 -0.00728255 0.121223 0.0650683 0.0424524
internal_weight=66506.3 59225.6 52766.8 35308 703.458 34604.5 31844.7 17716.8 8068.04 17458.8 1357.05 1004.19 352.861 7280.69 2489.44 6458.86 1390.76 5807.26 16101.7 5314.11 1473.43 924.3 168.337 42.8014 14128 13090.4 15776.5 7584.5 1049.53 802.636 8191.99 7701.39 246.898 303.675 1144.75
internal_count=343855 309737 279593 192550 5306 187244 171142 97091 46653 87043 6556 4885 1671 34118 17277 30144 11482 27338 80487 25104 6780 4343 838 216 74051 68917 79048 37377 5226 4123 41671 39301 1103 1476 5040
is_linear=0
shrinkage=0.100523


Tree=12
num_leaves=36
num_cat=0
split_feature=13 13 37 27 37 37 28 36 21 21 12 28 12 31 2 27 14 28 28 27 58 45 37 21 37 37 21 21 9 21 21 21 9 27 34
split_gain=309.831 296.64 287.513 253.225 282.943 266.313 385.359 357.899 210.988 157.351 133.236 128.1 116.491 103.498 102.33 100.646 100.567 92.3479 91.7965 125.517 91.3059 88.2582 86.9743 89.3666 83.356 82.9335 78.1912 126.01 118.566 160.627 270.88 213.123 111.796 108.656 81.9897
threshold=-0.35269499999999993 0.24305000000000002 1.0000000180025095e-35 0.012235000000000001 1.0000000180025095e-35 -0.42794999999999994 0.011245000000000002 0.98280000000000012 12.810000000000002 11.420000000000002 -0.10674999999999998 0.025845000000000003 0.15279500000000004 0.0036250000000000002 0.53800547278808153 0.017885000000000002 0.057400000000000007 -0.089489999999999986 0.041735000000000008 0.14992000000000003 0.58985376995632921 0.61645000000000005 0.13375000000000004 23.685000000000006 0.43175000000000002 0.13955000000000004 14.425000000000002 14.615000000000002 1.5000000000000002 13.890000000000002 13.825000000000001 13.770000000000001 1.0000000180025095e-35 0.046845000000000005 86.500000000000014
decision_type=2 2 2 2 2 2 2 2 2 2 2 2 2 2 2 2 2 2 2 2 2 2 2 2 2 2 2 2 2 2 2 2 2 2 2
left_child=8 3 11 5 10 6 17 20 9 -1 -5 -3 -12 -6 -15 24 -13 -2 -4 -20 -7 -9 26 -24 -16 -11 28 -28 29 30 31 -10 -31 -29 -34
right_child=1 2 18 4 13 7 -8 21 22 25 12 16 -14 14 15 -17 -18 -19 19 -21 -22 -23 23 -25 -26 -27 27 33 -30 32 -32 -33 34 -35 -36
leaf_value=0.012697631065305371 0.10685646804285533 0.020994944631171446 -0.0050655393184312189 0.24340171972176236 0.0036553664345802539 -0.01376662428480737 0.10141199062374172 -0.018543065214176709 0.035270310834910439 -0.02692262872317296 -0.028272967270003994 -0.033243308864570879 -0.00061668673449306443 0.024499885920684941 -0.023922043519133102 0.11202959066677345 0.093071017945852721 -0.017659935618381712 0.013562098868125559 -0.065095266127312881 -0.058488345534517948 -0.063275177706035315 0.034364669775554177 0.13893384244354673 0.086657369115262006 0.0099065159284423606 -0.076120219955799262 0.0052774573743194879 0.0068837869669300927 0.17020171372732582 -0.10115248192132625 0.2397320687335486 0.018071781821618109 0.041823759883524526 0.12709244734131075
leaf_weight=3570.0654143542051 63.63564345240593 3686.3958705440164 15880.467178992927 20.900644913315773 990.38094905018806 9720.5048967152834 418.69838771224022 543.17888846993446 602.74184167385101 2479.667478993535 2435.8930004164577 74.552246019244194 4179.7616128027439 968.08080443739891 138.66605465859175 353.95010934770107 437.15721319615841 1110.5497894734144 4983.013909175992 213.79614877700806 484.29430267214775 2483.8206035792828 2154.2228394448757 85.876892119646072 136.88029514253139 822.86838027834892 168.56155581772327 4376.364144384861 1064.606945514679 154.67911534011364 140.14302136003971 56.329795986413956 165.09779454767704 1012.1808914393187 120.64552648365498
leaf_count=17285 286 17653 83179 100 5152 52260 1961 2941 2822 12900 13103 321 20643 4837 769 1660 1904 6245 23930 942 2759 20646 9625 373 654 3838 814 21336 5114 672 646 255 785 4490 570
internal_value=-5.86748e-05 -0.0040899 0.00351424 -0.0120818 0.000994677 -0.0202184 0.0186132 -0.0248931 0.0116556 -0.00193172 -0.00999919 0.0275372 -0.0107998 0.0291874 0.0450153 0.0765651 0.0746678 -0.0109116 -0.00127057 0.0103261 -0.015889 -0.0552483 0.0208998 0.0383735 0.0310092 -0.0177462 0.0159207 0.00946506 0.0314895 0.052621 0.0257593 0.0527455 0.101365 0.0121423 0.0641024
internal_weight=66298.6 49324.6 25275.4 24049.2 9224.51 14824.7 1592.88 13231.8 16974.1 6872.6 6636.56 4198.11 6615.65 2587.96 1597.58 629.496 511.709 1174.19 21077.3 5196.81 10204.8 3027 10101.5 2240.1 275.546 3302.54 7861.35 5557.11 2304.24 1239.64 799.215 659.072 440.422 5388.55 285.743
internal_count=343470 261945 127929 134016 46918 87098 8492 78606 81525 34023 33846 19878 33746 13072 7920 3083 2225 6531 108051 24872 55019 23587 47502 9998 1423 16738 37504 26640 10864 5750 3723 3077 2027 25826 1355
is_linear=0
shrinkage=0.100523


Tree=13
num_leaves=36
num_cat=0
split_feature=30 31 36 27 37 29 45 37 28 7 21 21 13 13 29 27 37 26 7 31 37 27 3 21 1 13 6 3 12 3 12 1 27 43 3
split_gain=268.124 296.99 223.525 192.202 122.048 111.753 103.453 124.806 137.973 87.4277 86.8572 94.5696 78.2956 75.1834 79.2191 73.7119 104.153 196.181 87.5906 98.0894 98.1634 73.3834 69.9482 69.5962 71.2672 65.6209 85.2028 65.1572 70.6467 70.1498 100.433 65.1335 63.4186 66.0798 117.256
threshold=-0.058204999999999993 0.018215000000000005 0.97575000000000012 0.011215000000000001 0.27005000000000007 0.082415000000000002 0.7894500000000001 -0.25054999999999994 0.013765000000000001 80.790950800064579 13.425000000000002 13.455000000000002 -0.066419999999999993 -0.20635499999999998 0.024035000000000004 0.020555 -0.5523499999999999 0.81415000000000004 67.953404703889973 0.036225000000000007 -0.15324999999999997 -0.040584999999999989 0.94085345710962709 14.015000000000002 0.28990549310181174 -0.92093499999999995 0.064879621556137454 2.8453070183371962 0.072185000000000013 0.0072274247375820012 -0.13481999999999997 0.13630177570636853 -0.005004999999999999 3.5000000000000004 0.86251265013554057
decision_type=2 2 2 2 2 2 2 2 2 2 2 2 2 2 2 2 2 2 2 2 2 2 2 2 2 2 2 2 2 2 2 2 2 2 2
left_child=10 2 9 6 13 15 -4 8 32 25 -1 -12 -6 -5 -15 16 17 21 -18 22 31 -3 -20 -24 -25 -2 27 28 29 30 -27 -21 33 -8 -35
right_child=1 5 3 4 12 -7 7 -9 -10 -11 11 -13 -14 14 -16 -17 18 -19 19 20 -22 -23 23 24 -26 26 -28 -29 -30 -31 -32 -33 -34 34 -36
leaf_value=0.0049269786942903147 0.010022876008685597 0.032945653033837945 -0.014898006334123888 0.0077337519945965862 0.1071297521648884 0.027497013038315057 -0.029562228621770954 -0.070340048149749687 0.080791044541177762 -0.098923692569953814 0.14565754525002375 0.024422431356847164 0.011578969334784781 -0.068549169292376227 0.11290248478463369 0.012301652924230536 0.0022066199254500685 0.10278385061335281 -0.10616645642536564 -0.034627934113433637 -0.012078621547867768 -0.017601990654478549 -0.067688308835219424 -0.027571414799920806 0.15606978955890544 0.10733791575464273 0.0043775938676252173 0.021054082553293486 -0.0023062216551295849 -0.017361025934103571 -0.050365882446823468 0.092127001147075754 -0.089020791596181009 0.39992850287585896 -0.011167964609393517
leaf_weight=3368.6257938444614 2416.8794231414795 591.86310762166977 825.57770603895187 467.97606541961432 151.31971305608749 2016.391016498208 177.78686092793941 1622.4251050204039 120.64568012952805 102.08557748794556 65.958667784929276 4552.6319645866752 202.7888573333621 312.56481768935919 26.363160669803619 6527.2309855669737 14260.908437982202 273.55709964036942 184.36999993026257 55.87165505439043 4575.1879406198859 569.44579175114632 136.58362453430891 52.80970437079668 35.849612109363079 106.93196280300617 4831.8830279409885 628.33945521712303 5275.2309661060572 11202.935743093491 65.985869884490967 153.52335672080517 166.66765510290861 10.640216194093229 20.552491098642349
leaf_count=16121 11350 2671 4423 2444 778 9030 1364 14834 586 655 303 21463 1091 2089 123 31255 74276 1313 1324 315 23782 2866 920 344 186 529 24284 3115 26821 59931 341 743 1554 79 167
internal_value=-6.87924e-05 -0.00244016 -0.00970961 -0.0314256 0.00321162 0.00465689 -0.045084 -0.0568462 -0.0127337 -0.00609004 0.0172014 0.0261538 0.0524105 -0.0183792 -0.0544348 0.00297712 6.3593e-05 0.0261998 -0.00186402 -0.0130402 -0.00899828 0.00815965 -0.0602522 -0.0226692 0.046684 -0.00570366 -0.00742266 -0.0107224 -0.0119215 -0.0163803 0.0471574 0.0583054 -0.042771 -0.005885 0.129063
internal_weight=66156.4 58169.2 28735.6 4105.31 1161.01 29433.6 2944.3 2118.72 496.293 24630.3 7987.22 4618.59 354.109 806.904 338.928 27417.2 20890 1434.87 19455.1 5194.2 4784.58 1161.31 409.613 225.243 88.6593 24528.2 22111.3 17279.4 16651.1 11375.9 172.918 209.395 375.647 208.98 31.1927
internal_count=343470 305583 156558 29532 6525 149025 23007 18584 3750 127026 37887 21766 1869 4656 2212 139995 108740 6850 101890 27614 24840 5537 2774 1450 530 126371 115021 90737 87622 60801 870 1058 3164 1610 246
is_linear=0
shrinkage=0.100523


Tree=14
num_leaves=36
num_cat=0
split_feature=13 6 0 48 33 12 28 29 6 37 13 27 37 37 27 34 28 34 49 0 49 3 0 7 37 16 27 29 31 27 37 27 8 31 35
split_gain=226.15 181.873 140.487 163.529 109.835 120.865 129.027 74.8142 74.1777 73.5905 69.8813 124.043 108.542 87.9114 93.3077 73.788 89.0998 67.1556 65.0696 76.5905 91.4509 61.1041 60.4448 59.9095 148.698 90.2794 87.3719 58.4371 70.4315 56.1271 55.9347 58.5575 55.0457 52.3347 60.8897
threshold=-0.72372499999999984 0.33713743847373295 0.31671455000000004 0.12005 0.18775000000000003 0.075895000000000004 0.011245000000000002 -0.071874999999999981 -0.071612015507906482 1.2121500000000001 0.19530500000000003 0.013025000000000002 -0.044349999999999994 0.21655000000000002 -0.0017949999999999997 210.50000000000003 -0.0064649999999999994 250.50000000000003 0.55605000000000004 0.49758222000000002 0.25055000000000005 0.51581945672413732 2.4191413000000002 30.86443618347224 0.48115000000000008 -0.96014999999999995 0.016955000000000001 0.0056550000000000012 0.041385000000000012 -0.010004999999999998 1.6476500000000003 0.019285000000000004 0.065330265000000012 0.0036250000000000002 3.5000000000000004
decision_type=2 2 2 2 2 2 2 2 2 2 2 2 2 2 2 2 2 2 2 2 2 2 2 2 2 2 2 2 2 2 2 2 2 2 2
left_child=9 2 3 4 5 6 8 -4 -2 32 11 15 -13 14 -12 16 -5 -17 19 20 29 -11 -3 24 25 -21 -26 28 -18 -9 31 -14 -1 -22 -35
right_child=1 22 7 10 -6 -7 -8 18 -10 21 13 12 30 -15 -16 17 27 -19 -20 23 33 -23 -24 -25 26 -27 -28 -29 -30 -31 -32 -33 -34 34 -36
leaf_value=0.010132882075737409 -0.0163162316460994 0.015429643790446526 0.033104347484939706 -0.0027036587575869509 -0.0061567140703081879 -0.0014840843597133445 -0.017742454574493867 0.042152881497596412 -0.063487262606671327 0.17985390803873283 0.0099923253826778597 -0.0060806954804591981 0.019418320811537666 -0.0043852645395041495 0.061873597605443718 0.0094923043874287818 -0.059340142348390003 -0.051836696149388559 0.012777136916514182 -0.069060884285727139 -0.015615551429962744 0.040600405024417821 0.080951608289026575 0.00036605057799396175 0.028398251519318567 0.016500294058452082 0.13158782139862193 -0.018657174468748261 0.010899723708077624 -0.048362256906623248 -0.03743226336483943 0.07488116004933186 0.041326063421504508 0.024625041245534024 -0.0049459583422343488
leaf_weight=6963.7600932270288 414.00993695110083 4110.719115331769 702.65087641775608 919.72237018495798 3015.9209880530834 1130.4312615096569 1673.9197326004505 75.80817349255085 1807.8786848112941 33.543819963932037 2069.4589795544744 2739.0464437454939 444.78247909992933 4941.8331560343504 421.66413740813732 1074.1288440302014 1322.9190153032541 216.84048447757959 3496.3063523247838 150.09354700893164 3308.7784279063344 627.30475442111492 147.37173639237881 16049.072914861143 162.97895319014788 734.0543121099472 168.78513364493847 852.24649949371815 161.90842949599028 797.00075899809599 97.223576948046684 338.94694815576077 622.78227028250694 889.86097695678473 3362.0597538053989
leaf_count=32696 2278 18891 3105 4973 16203 6227 9282 402 13581 141 10639 13932 2297 25941 2067 6031 9043 1367 17906 820 18105 2662 643 80415 798 3507 812 4909 910 5202 480 1596 2772 4722 18115
internal_value=-7.581e-05 -0.0022978 -0.00388803 -0.00967845 -0.0213224 -0.0304223 -0.0388191 0.000691033 -0.0546978 0.0154961 -0.00367602 -0.0100941 0.00379089 0.0033765 0.0187741 -0.0211464 -0.029208 -0.000808919 -8.90779e-05 -0.00183954 -0.0096915 0.0476689 0.0176974 0.00199594 0.0235091 0.00197528 0.0808963 -0.0396384 -0.051681 -0.0405004 0.0344835 0.043405 0.0126936 -0.0061349 0.00124278
internal_weight=66045.8 57798.4 53540.3 23642.9 8042.16 5026.24 3895.81 29897.5 2221.89 8247.39 15600.7 8167.77 3620 7432.96 2491.12 4547.77 3256.8 1290.97 29194.8 25698.5 8433.51 660.849 4258.09 17265 1215.91 884.148 331.764 2337.07 1484.83 872.809 880.953 783.729 7586.54 7560.7 4251.92
internal_count=343470 305199 285665 131756 47571 31368 25141 153909 15859 38271 84185 45538 18305 38647 12706 27233 19835 7398 150804 132898 46546 2803 19534 86352 5937 4327 1610 14862 9953 5604 4373 3893 35468 40942 22837
is_linear=0
shrinkage=0.100523


Tree=15
num_leaves=36
num_cat=0
split_feature=30 31 36 27 45 30 27 8 35 21 13 6 30 21 21 21 12 35 21 21 21 8 8 49 49 5 21 16 35 8 5 30 3 35 21
split_gain=197.739 177.534 167.756 154.204 112.271 96.9861 85.9194 78.6763 81.1508 84.2905 70.1746 74.984 69.4836 68.8281 129.716 78.0965 71.645 110.635 67.303 96.1633 119.852 81.9963 61.5625 61.4466 69.0727 82.5058 59.3844 59.2348 111.241 55.8045 53.4487 53.3846 51.0884 50.6577 52.6348
threshold=-0.097394999999999995 0.018215000000000005 0.98280000000000012 0.011215000000000001 0.7894500000000001 0.010525000000000001 -0.013374999999999998 0.10851150800000002 9.5000000000000018 15.010000000000002 -0.79011999999999982 0.064879621556137454 -0.0014749999999999997 13.255000000000001 11.420000000000002 11.390000000000002 0.10152500000000002 14.500000000000002 14.265000000000002 13.875000000000002 13.930000000000001 -0.020672261999999993 -0.00090408324999999995 0.56755000000000011 0.13500000000000004 -0.76145505905151356 12.870000000000003 -0.96584999999999988 13.500000000000002 0.020936638500000004 -280.74009704589838 -0.041294999999999991 0.0072274247375820012 16.500000000000004 11.450000000000001
decision_type=2 2 2 2 2 2 2 2 2 2 2 2 2 2 2 2 2 2 2 2 2 2 2 2 2 2 2 2 2 2 2 2 2 2 2
left_child=30 2 10 4 -4 -6 -7 8 -3 12 -2 13 33 14 15 16 -12 -18 19 27 21 -21 -22 24 -8 -26 -5 28 -15 -11 -1 -17 -9 -10 -35
right_child=1 7 3 26 5 6 23 32 9 29 11 -13 -14 18 -16 31 17 -19 -20 20 22 -23 -24 -25 25 -27 -28 -29 -30 -31 -32 -33 -34 34 -36
leaf_value=-0.031487898991096483 0.0087572896945535082 0.0097760385579560068 -0.0090924077828845491 -0.023675991777735512 -0.064391941525691235 0.12099255965023448 -0.087156790671175863 -0.045129645112292865 -0.0078033724298350636 -0.00014496408740286818 -0.012971777232989295 0.0047515634995810956 -0.0069060220351776181 0.059206024525261663 -0.026982388607594512 -0.064235987214868784 0.051156611490836439 -0.02382407399722266 -0.0078938028479604867 0.22640817439689978 0.049383342640856989 0.061527704287699353 -0.004667114350692613 -0.089705648818132505 0.086631937534340314 -0.029013386985600416 0.021581820474616428 -0.021498144585791881 -0.020428977136547049 0.032794805971339068 0.025746492092113687 0.092225081409670034 0.027205159577009225 -0.014780573757810674 0.032566884834768571
leaf_weight=173.30838422477245 3896.5209206789732 10538.675947032869 918.18915641307831 475.11731424927711 1488.4045573771 44.12223444879055 77.59332524985075 104.06868821382523 836.41345848888159 969.4414196908474 2529.3808475807309 5354.9168733209372 12872.80829346925 336.50756224244833 4547.8300510942936 26.300790131092072 496.00457020103931 331.91326774656773 8504.0186227336526 50.147964879870415 417.64660166949034 77.706737503409386 434.42290037870407 114.05273035913706 110.21678446233273 143.50493656843901 764.15630267560482 906.45265538990498 374.52702517062426 1120.2658917754889 3387.6851424276829 135.87759029120207 1899.5149861127138 296.35628600418568 1189.5818266123533
leaf_count=803 18146 52931 4942 2717 14970 221 521 460 4306 4946 13474 26745 66625 1640 24480 137 2451 1723 44674 252 2128 404 2269 1003 765 1146 4252 4860 1887 5435 15330 741 8549 1516 6021
internal_value=-7.84471e-05 -0.00139361 -0.00652656 -0.0254434 -0.0381414 -0.0516267 -0.0128108 0.00420888 0.00282346 -0.00141556 -0.00377401 -0.00576509 -0.00401879 -0.00870299 -0.015769 -0.00127925 -0.00457039 0.0210967 -0.00356815 0.0105942 0.0354441 0.126199 0.021826 -0.0260668 -0.00415938 0.0212228 0.00423066 -0.0044606 0.0172594 0.0175136 0.022961 0.066851 0.023448 0.0119851 0.0231238
internal_weight=65943.7 62382.7 32555.5 4135.36 2896.08 1977.89 489.49 29827.1 27823.5 17284.9 28420.2 24523.7 15195.2 19168.7 8067.31 3519.48 3357.3 827.918 11101.4 2597.41 979.924 127.855 852.07 445.368 331.315 253.722 1239.27 1617.49 711.035 2089.71 3560.99 162.178 2003.58 2322.35 1485.94
internal_count=343470 327337 176548 30537 23568 18626 3656 150789 141780 88849 146011 127865 78468 101120 43006 18526 17648 4174 58114 13440 5053 656 4397 3435 2432 1911 6969 8387 3527 10381 16133 878 9009 11843 7537
is_linear=0
shrinkage=0.100523


end of trees

feature_importances:
open_to_cpr_dist=79
dist_r1=61
india_vix=58
dist_s1=48
expiry_dist=32
dist_lo52=24
mom10=20
dist_hi52=19
ema200_dist=17
cpr_expansion_factor=17
rsi14=16
mom3=15
cpr_width_pct=14
vol_rank=14
mom20=13
cpr_overlap_pct=12
cpr_pos=9
mom5=8
vwap_dist=7
market_rs_20d=7
cpr_width_percentile_252d=6
sg_vel=5
dow=5
vol_accel=5
regime_momentum=5
cpr_rsi_squeeze=5
market_rs_5d=4
sector_rs_5d=4
rsi_dir=4
vol_accel_delta=4
days_since_52hi=4
rs_direction_alignment=3
atr_pct_rank=2
sector_rs_20d=2
prev_day_ochoa_type=2
overlap_vol_signal=2
n_rules_fired=1
conf_vol=1
hi52_dir=1
cpr_compress=1
consecutive_narrow_cprs=1
cpr_midpoint_trend=1
atr_to_cpr_ratio=1
cpr_vol_interaction=1

parameters:
[boosting: gbdt]
[objective: binary]
[metric: auc]
[tree_learner: serial]
[device_type: cpu]
[data_sample_strategy: bagging]
[data: ]
[valid: ]
[num_iterations: 3000]
[learning_rate: 0.100523]
[num_leaves: 36]
[num_threads: 2]
[seed: 42]
[deterministic: 0]
[force_col_wise: 0]
[force_row_wise: 0]
[histogram_pool_size: -1]
[max_depth: 10]
[min_data_in_leaf: 87]
[min_sum_hessian_in_leaf: 0.001]
[bagging_fraction: 0.94013]
[pos_bagging_fraction: 1]
[neg_bagging_fraction: 1]
[bagging_freq: 6]
[bagging_seed: 400]
[bagging_by_query: 0]
[feature_fraction: 0.805043]
[feature_fraction_bynode: 1]
[feature_fraction_seed: 30056]
[extra_trees: 0]
[extra_seed: 12879]
[early_stopping_round: 0]
[early_stopping_min_delta: 0]
[first_metric_only: 0]
[max_delta_step: 0]
[lambda_l1: 0.000619298]
[lambda_l2: 0.000371803]
[linear_lambda: 0]
[min_gain_to_split: 0]
[drop_rate: 0.1]
[max_drop: 50]
[skip_drop: 0.5]
[xgboost_dart_mode: 0]
[uniform_drop: 0]
[drop_seed: 17869]
[top_rate: 0.2]
[other_rate: 0.1]
[min_data_per_group: 100]
[max_cat_threshold: 32]
[cat_l2: 10]
[cat_smooth: 10]
[max_cat_to_onehot: 4]
[top_k: 20]
[monotone_constraints: ]
[monotone_constraints_method: basic]
[monotone_penalty: 0]
[feature_contri: ]
[forcedsplits_filename: ]
[refit_decay_rate: 0.9]
[cegb_tradeoff: 1]
[cegb_penalty_split: 0]
[cegb_penalty_feature_lazy: ]
[cegb_penalty_feature_coupled: ]
[path_smooth: 0]
[interaction_constraints: ]
[verbosity: -1]
[saved_feature_importance_type: 0]
[use_quantized_grad: 0]
[num_grad_quant_bins: 4]
[quant_train_renew_leaf: 0]
[stochastic_rounding: 1]
[linear_tree: 0]
[max_bin: 255]
[max_bin_by_feature: ]
[min_data_in_bin: 3]
[bin_construct_sample_cnt: 200000]
[data_random_seed: 175]
[is_enable_sparse: 1]
[enable_bundle: 1]
[use_missing: 1]
[zero_as_missing: 0]
[feature_pre_filter: 1]
[pre_partition: 0]
[two_round: 0]
[header: 0]
[label_column: ]
[weight_column: ]
[group_column: ]
[ignore_column: ]
[categorical_feature: ]
[forcedbins_filename: ]
[precise_float_parser: 0]
[parser_config_file: ]
[objective_seed: 16083]
[num_class: 1]
[is_unbalance: 0]
[scale_pos_weight: 1]
[sigmoid: 1]
[boost_from_average: 1]
[reg_sqrt: 0]
[alpha: 0.9]
[fair_c: 1]
[poisson_max_delta_step: 0.7]
[tweedie_variance_power: 1.5]
[lambdarank_truncation_level: 30]
[lambdarank_norm: 1]
[label_gain: ]
[lambdarank_position_bias_regularization: 0]
[eval_at: ]
[multi_error_top_k: 1]
[auc_mu_weights: ]
[num_machines: 1]
[local_listen_port: 12400]
[time_out: 120]
[machine_list_filename: ]
[machines: ]
[gpu_platform_id: -1]
[gpu_device_id: -1]
[gpu_use_dp: 0]
[num_gpu: 1]

end of parameters

pandas_categorical:[]
