tree
version=v4
num_class=1
num_tree_per_iteration=1
label_index=0
max_feature_idx=57
objective=binary sigmoid:1
feature_names=Column_0 Column_1 Column_2 Column_3 Column_4 Column_5 Column_6 Column_7 Column_8 Column_9 Column_10 Column_11 Column_12 Column_13 Column_14 Column_15 Column_16 Column_17 Column_18 Column_19 Column_20 Column_21 Column_22 Column_23 Column_24 Column_25 Column_26 Column_27 Column_28 Column_29 Column_30 Column_31 Column_32 Column_33 Column_34 Column_35 Column_36 Column_37 Column_38 Column_39 Column_40 Column_41 Column_42 Column_43 Column_44 Column_45 Column_46 Column_47 Column_48 Column_49 Column_50 Column_51 Column_52 Column_53 Column_54 Column_55 Column_56 Column_57
feature_infos=[0:13.968713760375977] [-0.99264538288116455:229.69183349609375] [0.0039525693282485008:1] [8.2153368552440043e-09:5] [2:7] [-9034.5859375:6583.00146484375] [-0.99347084760665894:2.3996093273162842] [0:100] [-0.99622130393981934:259.0732421875] [0:6] none [-1:1] [-0.9974600076675415:0.1234000027179718] [-0.43935999274253845:274.35006713867188] [0:10] [-0.023399999365210533:5] [-0.10999999940395355:6] [-0.023399999365210533:5] [-0.10999999940395355:6] none none [10.199999809265137:31.979999542236328] [0:50] [-100:100] [-0.9974600076675415:0.99708998203277588] [0:5] [0:1] [-0.15000000596046448:0.15000000596046448] [-0.15000000596046448:0.15000000596046448] [-0.99641001224517822:253.78469848632812] [-0.99630999565124512:254.23222351074219] [-0.99637001752853394:250.06758117675781] [-1:1] [-5:5] [0:251] [0:32] [0:1] [-5:5] [0:1] [0:5] [0:3] [0:1] none [0:9] [-3.2369999885559082:2.1754000186920166] [0.10000000149011612:10] [0:1] [0:1] [0.10000000149011612:20] [0:0.99599999189376831] [0:3] [-0.10000000149011612:0.10000000149011612] [1:5] [0:1] [0.20000000298023224:5] [-1:1] [0:1] [0:1]
tree_sizes=3483 3509 3465 3491 3469 3487 3479 3492 3494 3508 3498 3506 3490 3493 3508 3502 3512 3508 3494 3508 3495 3505 3506 3516

Tree=0
num_leaves=31
num_cat=0
split_feature=27 36 28 27 45 7 21 28 0 13 40 30 30 7 21 27 35 28 12 27 27 30 13 12 5 27 53 13 21 35
split_gain=3212.94 1173.3 913.245 912.672 426.901 422.481 358.649 351.314 226.637 187.506 186.509 174.264 254.477 167.133 153.079 132.835 128.311 124.821 106.506 111.427 102.652 95.6781 93.8342 152.453 92.7784 91.7496 85.9915 80.2589 71.8681 68.1642
threshold=-0.019205000251531597 0.99994999170303356 0.0097849997691810148 -0.052184998989105218 0.83254998922348034 21.464222908020023 12.839999675750734 0.063354998826980605 0.30797173082828527 0.82442000508308422 1.5000000000000002 -0.012734999880194662 0.015525000169873239 49.419525146484382 11.244999885559084 -0.015345000196248291 13.500000000000002 0.010925000067800285 -0.30177499353885645 -0.01350500015541911 -0.08497500047087668 -0.0059249999467283479 0.41932499408721929 -0.1538249999284744 0.48174472153186804 -0.029384999535977837 0.47515000402927404 0.66543501615524303 15.234999656677248 7.5000000000000009
decision_type=2 2 2 2 2 2 2 2 2 2 2 2 2 2 2 2 2 2 2 2 2 2 2 2 2 2 2 2 2 2
left_child=3 7 4 20 -3 17 14 10 28 13 18 15 -13 -8 16 -4 -7 25 -2 -20 -1 26 23 -12 -10 -5 -19 -22 -6 -16
right_child=1 2 11 5 8 6 9 -9 24 -11 22 12 -14 -15 29 -17 -18 21 19 -21 27 -23 -24 -25 -26 -27 -28 -29 -30 -31
leaf_value=-0.73376218548714733 -0.77741972940448412 -0.7976506939446919 -0.73725179797522922 -0.73214324744500592 -0.87404159922775393 -0.75460905923367938 -0.76639901486557194 -0.75722685152079172 -0.84403704694779369 -0.7598771433639222 -0.79216984556914771 -0.82681291049903083 -0.77754420046205985 -0.77909887435261682 -0.81108098175050736 -0.78652377979754706 -0.79185080325621149 -0.69588417299965244 -0.77939337172474876 -0.79156661681858964 -0.75849329802118104 -0.83865961575394021 -0.78636507001757572 -0.80911245751563443 -0.8032837148206845 -0.81783962502032981 -0.79381857039994341 -0.74296450574364192 -0.84442398113659267 -0.79043457886736945
leaf_weight=1257.6236573457718 3510.3556947112083 464.77221181988716 219.97833386063576 79.341778874397278 754.89785170555115 498.13784489035606 5309.6970221102238 924.58707645535469 330.18307581543922 4022.2909480631351 3963.4071998894215 520.72494938969612 527.66955935955048 5058.8605057001114 572.50456357002258 361.71211361885071 431.73492029309273 304.47257938981056 2743.3393431007862 5972.1196563243866 1622.2918169796467 13.551888108253477 2537.6084848046303 1996.6122046709061 242.02449625730515 51.511065155267715 24.195491075515747 1708.1894028484821 281.08711457252502 1324.9575310647488
leaf_count=3621 11830 1672 642 227 3364 1551 17236 2906 1360 12762 14014 2044 1779 17144 2146 1256 1525 747 9306 21076 5122 55 8807 7440 886 197 86 5095 1159 4659
internal_value=-0.779657 -0.791831 -0.817839 -0.765805 -0.839858 -0.770958 -0.772239 -0.787382 -0.852056 -0.769041 -0.788728 -0.789838 -0.802015 -0.772595 -0.78852 -0.767891 -0.7719 -0.724344 -0.784773 -0.787735 -0.745933 -0.708462 -0.794417 -0.797846 -0.8268 -0.765878 -0.703094 -0.750529 -0.866006 -0.796664
internal_weight=47630.4 25351.1 3703.05 22279.4 2072.96 17691.3 17218.2 21648 1608.19 14390.8 20723.4 1630.08 1048.39 10368.6 2827.33 581.69 929.873 473.073 12225.8 8715.46 4588.1 342.22 8497.63 5960.02 572.208 130.853 328.668 3330.48 1035.98 1897.46
internal_count=161714 89541 14162 72173 8441 58335 57023 75379 6769 47142 72473 5721 3823 34380 9881 1898 3076 1312 42212 30382 13838 888 30261 21454 2246 424 833 10217 4523 6805
is_linear=0
shrinkage=1


Tree=1
num_leaves=31
num_cat=0
split_feature=27 37 36 27 37 45 37 27 21 12 51 37 37 27 13 12 51 27 37 27 21 13 51 51 37 3 44 37 24 21
split_gain=2746.08 1623.17 1026.7 910.288 894.049 1187.29 467.815 342.543 268.18 265.83 245.604 238.699 218.987 213.003 182.424 167.384 167.029 160.178 157.815 172.676 138.493 103.928 100.92 95.3773 77.9686 71.7825 67.3454 80.9032 65.3782 62.1488
threshold=-0.019205000251531597 -0.36394999921321863 0.99994999170303356 -0.046834999695420258 -0.43244999647140497 0.99994999170303356 -0.46795000135898585 -0.013185000047087668 12.719999790191652 -0.31460499763488764 -0.011694999877363442 -0.24935000389814374 0.93334999680519115 0.0059650000184774407 0.49794499576091772 -0.106344997882843 0.020855000242590908 -0.024574999697506424 0.97855001688003551 -0.066084999591112123 11.244999885559084 0.58011502027511608 0.0085950000211596506 0.010135000105947258 0.24454999715089801 0.15817690640687945 -0.0021499999566003676 0.091350000351667418 0.45053499937057501 12.765000343322756
decision_type=2 2 2 2 2 2 2 2 2 2 2 2 2 2 2 2 2 2 2 2 2 2 2 2 2 2 2 2 2 2
left_child=1 16 6 18 7 -6 -2 -4 20 26 -9 22 17 -13 15 -11 -1 -10 19 28 -5 25 -7 -12 -22 -20 -8 -28 -3 -21
right_child=2 3 4 8 5 11 9 10 12 14 23 13 -14 -15 -16 -17 -18 -19 21 29 24 -23 -24 -25 -26 -27 27 -29 -30 -31
leaf_value=0.10458593652142492 0.083323027575727723 0.086830571554799646 0.10679964460645047 0.047795666845810415 0.033230067353085965 -0.018916065287005453 0.048828915984107817 0.12114681114347255 0.055386039035052584 0.031966728048094008 -0.023398146674616944 -0.041345954049482776 0.028152048192084052 0.085361727754894229 0.040797611423528557 0.018598037375787739 0.15032181072798367 0.043206998973185938 -0.016765389469203775 0.044562066568484805 0.03663128067664459 0.070074254192914784 0.033324377017893946 0.036766256499911741 0.014175157918383486 0.051445021481456556 0.055055370761490675 0.032979600558674181 0.11779978491365595 0.071532007334167036
leaf_weight=439.73135542869568 507.91463714838028 959.12557980418205 260.94686064124107 880.16455559432507 1305.8628169298172 189.21353814005852 3217.5583664923906 60.133705779910088 8580.6359982937574 8683.7838986814022 121.44706979393959 1417.3689983040094 1086.3952165991068 33.962740436196327 3921.9685720950365 3205.7764520198107 365.59766954183578 3939.0312502384186 39.968749731779099 237.46148398518562 643.13428443670273 1212.6928869634867 180.77691857516766 143.9524157345295 968.80992875993252 1102.6690337955952 531.03272795677185 1899.7976039201021 207.23915119469166 2126.233445584774
leaf_count=1150 1475 2661 682 2876 4532 790 10525 150 27247 30225 514 6256 3784 98 13225 11673 741 13060 157 782 2213 3590 636 504 3577 3518 1702 6554 500 6317
internal_value=0.0429957 0.0556296 0.0317849 0.0530756 0.00746988 -0.00315438 0.0358953 0.0641198 0.0469237 0.0347728 0.0299077 -0.0292415 0.0496856 -0.0383809 0.0314467 0.0283621 0.125349 0.0515542 0.0699027 0.0765907 0.0318445 0.0598792 0.00660856 0.00923497 0.0231347 0.0490591 0.0440835 0.0378022 0.0923332 0.0688226
internal_weight=48470.4 22788.9 25681.5 21983.6 3713.67 3127.19 21967.8 586.48 16098.2 21459.9 325.533 1821.32 13606.1 1451.33 15811.5 11889.6 805.329 12519.7 5885.39 3530.06 2492.11 2355.33 369.99 265.399 1611.94 1142.64 5648.39 2430.83 1166.36 2363.69
internal_count=161714 72173 89541 70282 14162 12312 75379 1850 52757 73904 1168 7780 44091 6354 55123 41898 1891 40307 17525 10260 8666 7265 1426 1018 5790 3675 18781 8256 3161 7099
is_linear=0
shrinkage=0.05


Tree=2
num_leaves=31
num_cat=0
split_feature=29 51 36 45 23 51 51 40 16 6 49 28 40 9 28 21 28 51 11 35 36 21 23 28 5 1 1 35 51 3
split_gain=1207.73 1076.76 1246.86 1078.74 409.813 402.357 426.379 357.384 210.021 201.337 174.077 157.009 155.999 158.028 142.699 133.613 110.044 100.7 91.1384 104.974 67.8305 63.2737 61.0526 59.5885 57.758 57.3275 51.9508 51.9184 51.1824 48.2161
threshold=-0.025245000608265396 0.018234999850392345 0.99994999170303356 0.83254998922348034 24.404999732971195 0.010495000053197147 -0.013995000161230562 1.5000000000000002 1.0979500412940981 0.24300126731395724 0.25055000185966497 -0.030135000124573704 1.5000000000000002 1.5000000000000002 -0.013135000132024286 20.909999847412113 0.010925000067800285 0.0071650000754743823 1.0000000180025095e-35 5.0000000000000009 0.95394998788833629 15.194999694824221 27.505000114440922 0.063354998826980605 -1.5496264696121214 0.67806506156921398 0.69242432713508617 1.5000000000000002 0.022164999507367614 1.6116382479667666
decision_type=2 2 2 2 2 2 2 2 2 2 2 2 2 2 2 2 2 2 2 2 2 2 2 2 2 2 2 2 2 2
left_child=11 2 7 25 16 6 -5 9 15 14 -7 21 13 26 -2 -9 28 -14 19 -15 -18 29 -19 -6 -22 -4 -13 -24 -3 -1
right_child=1 4 3 5 23 10 -8 8 -10 -11 -12 12 17 18 -16 -17 20 22 -20 -21 24 -23 27 -25 -26 -27 -28 -29 -30 -31
leaf_value=0.05602854988966384 0.062013158324576337 0.049960246762923266 0.034683081181689591 0.069124529378611715 0.037872686971208602 -0.013294920758341586 -0.028578023527577379 0.026928938647786768 0.04704520679652488 0.058035083905832778 0.049540884597548018 0.044770094762542623 0.039430643797573522 0.048835474780540511 0.039356939592817428 0.047803110839374906 0.086008729386875787 0.071669849325644644 0.038899538595676054 0.070569224454694629 0.091006147091659564 0.088558303292289142 0.092410816971921467 0.068848192904301123 0.1320606369556952 0.063668636813179538 0.064274074574619894 0.020542761517382421 0.092824359709668333 0.079799138838670888
leaf_weight=621.26692675054073 724.44449926912785 137.70070704817772 1693.3720753788948 118.80921167135239 498.2334521561861 167.88041432201862 1857.4658661782742 10108.49453227222 1776.9621820300817 1753.2744782418013 320.92245696485043 2229.834785670042 2617.5804147422314 697.17370755970478 17101.262996450067 829.50833149254322 209.77038019895554 441.57518415153027 336.79420997202396 2735.7578818053007 118.40010753273964 370.81505252420902 31.56045038998127 225.54903595149517 309.91408595442772 189.69375272095203 403.14450858533382 123.33302038908005 140.90500378608704 324.89133502542973
leaf_count=1865 2157 433 5705 352 1658 665 8005 34942 5693 5336 1043 7128 8564 2186 56393 2659 564 1271 1110 7896 299 973 85 660 624 570 1190 433 370 885
internal_value=0.0402048 0.036019 0.0342447 0.00910864 0.07565 -0.0126581 -0.0227044 0.0376291 0.0311021 0.0418679 0.0279598 0.0548609 0.0526436 0.0571555 0.0402777 0.028512 0.097856 0.0436554 0.0637204 0.0661554 0.109303 0.0710519 0.0621956 0.0475254 0.120712 0.037603 0.0477564 0.0351863 0.0716388 0.0641909
internal_weight=49216.3 38282.6 36642.1 4348.14 1640.47 2465.08 1976.28 32293.9 12715 19579 488.803 10933.7 9616.75 6402.71 17825.7 10938 916.69 3214.05 3769.73 3432.93 638.085 1316.97 596.469 723.782 428.314 1883.07 2632.98 154.893 278.606 946.158
internal_count=161714 128128 123520 16340 4608 10065 8357 107180 43294 63886 1708 33586 29863 19510 58550 37601 2290 10353 11192 10082 1487 3723 1789 2318 923 6275 8318 518 803 2750
is_linear=0
shrinkage=0.05


Tree=3
num_leaves=31
num_cat=0
split_feature=27 37 36 37 45 27 28 37 28 21 37 28 37 27 37 37 27 35 21 35 51 51 28 21 35 51 35 28 28 37
split_gain=2157.65 1258.74 790.664 737.633 976.78 713.236 452.492 390.675 311.92 229.472 228.829 242.066 216.298 191.374 184.953 164.126 154.266 138.88 118.236 106.639 105.785 105.746 86.171 84.7443 89.4776 83.4663 80.7412 76.139 73.2346 69.6313
threshold=-0.019205000251531597 -0.36394999921321863 0.99994999170303356 -0.43244999647140497 0.99994999170303356 -0.052184998989105218 0.0087549998424947279 -0.51164999604225148 0.044195000082254417 12.839999675750734 0.24825000017881396 0.015715000219643119 -0.24935000389814374 0.0059650000184774407 0.93334999680519115 1.0278499722480776 -0.024574999697506424 3.5000000000000004 11.244999885559084 13.500000000000002 0.010135000105947258 0.010495000053197147 -0.018995000049471852 13.980000019073488 24.500000000000004 0.0085950000211596506 7.5000000000000009 0.010404999833554031 0.010795000009238722 0.70125001668930065
decision_type=2 2 2 2 2 2 2 2 2 2 2 2 2 2 2 2 2 2 2 2 2 2 2 2 2 2 2 2 2 2
left_child=1 21 7 6 -5 15 20 27 10 18 11 -9 25 -14 16 22 -11 -12 19 -7 -4 -1 -3 -17 -25 -6 -20 -2 -8 -10
right_child=2 5 3 4 12 9 28 8 29 14 17 -13 13 -15 -16 23 -18 -19 26 -21 -22 -23 -24 24 -26 -27 -28 -29 -30 -31
leaf_value=0.088245961209812901 0.053021747766245436 0.084656231157363482 -0.037169243893557601 0.028990089962577598 -0.017070128173943846 0.05864375434629069 0.065323809170105135 0.028326120235866503 0.062042644985998346 0.049486330674111741 0.034952045557750687 0.044810200843964934 -0.039306229590275014 0.079231585507183358 0.026905434291039667 0.033886913364394269 0.037791351680269737 0.019195066890499369 0.0060721886140477146 0.025222603480918593 0.030652873937466813 0.12366529028507232 0.065525276242982725 0.06244651696992868 0.024339797815762728 0.030444246328909907 0.02842091063176648 0.094060975868589206 0.11065348696096683 0.042377235187802807
leaf_weight=374.84450639784336 195.31299968063831 829.2161059230566 95.906268462538719 1338.9140359759331 185.85014958679676 518.11531744897366 152.30784706771374 7589.5651662647724 587.76857659220695 9602.230429828167 1741.6881672292948 3152.0907641798258 1381.7616530954838 34.909680783748627 1390.2947769463062 471.98942796885967 3992.0355210602283 7095.0082445144653 574.48577220737934 442.54084356129169 143.54803510010242 481.31311282515526 2028.5640080720186 1356.9773413538933 173.77329160273075 183.87050724029541 1362.9256281256676 268.23026199638844 214.71447889506817 1922.2309545427561
leaf_count=954 590 2110 430 4532 790 1533 442 25689 1744 29316 5763 10037 6256 98 4640 1495 12854 24748 2113 1505 492 937 5676 3843 567 636 4630 683 486 6125
internal_value=0.0376671 0.0486414 0.0278136 0.0064951 -0.00329739 0.0464009 0.0569579 0.0313413 0.0303879 0.0417847 0.0282605 0.0331633 -0.0274971 -0.0363852 0.0442756 0.0633848 0.046052 0.0223007 0.0289055 0.0432478 0.00348875 0.108158 0.0710763 0.0524094 0.0581206 0.00655985 0.021794 0.0767692 0.0918425 0.0469823
internal_weight=49883 23599.3 26283.7 3731.78 3125.31 22743.1 606.477 22551.9 22088.4 17882.6 19578.4 10741.7 1786.39 1416.67 14984.6 4860.52 13594.3 8836.7 2898.07 960.656 239.454 856.158 2857.78 2002.74 1530.75 369.721 1937.41 463.543 367.022 2510
internal_count=161714 72173 89541 14162 12312 70282 1850 75379 74106 56591 66237 35726 7780 6354 46810 13691 42170 30511 9781 3038 922 1891 7786 5905 4410 1426 6743 1273 928 7869
is_linear=0
shrinkage=0.05


Tree=4
num_leaves=31
num_cat=0
split_feature=37 29 36 12 6 37 0 51 40 18 21 6 24 7 23 34 18 37 35 12 37 51 21 37 7 40 34 51 17 21
split_gain=1448.87 981.927 990.668 557.699 348.4 379.821 348.066 329.186 205.962 136.022 132.768 127.651 107.73 97.8769 85.1617 84.8081 83.7258 80.0888 79.3755 74.5545 65.1358 59.2201 58.8631 53.5541 62.5396 53.026 51.9659 49.962 49.7655 49.6407
threshold=-0.51164999604225148 -0.025245000608265396 0.99994999170303356 -0.10868500173091887 0.12103968113660814 -0.28714999556541437 0.7310997247695924 0.019954999908804897 1.5000000000000002 1.0898500084877016 12.719999790191652 0.19926097989082339 0.08068499714136125 23.017946243286136 58.424999237060554 166.50000000000003 1.1416500210762026 0.70125001668930065 31.500000000000004 -0.095344997942447648 -0.81240001320838917 -0.014884999953210352 29.279999732971195 -0.24935000389814374 29.116263389587406 1.5000000000000002 14.500000000000002 0.017524999566376213 1.138950049877167 11.275000095367433
decision_type=2 2 2 2 2 2 2 2 2 2 2 2 2 2 2 2 2 2 2 2 2 2 2 2 2 2 2 2 2 2
left_child=7 10 6 23 5 -5 8 13 11 -10 29 -3 22 19 16 18 -8 -17 -14 -1 -15 -22 25 -4 -25 -12 -23 -21 -16 -2
right_child=1 2 3 4 -6 -7 14 -9 9 -11 12 -13 15 20 28 17 -18 -19 -20 27 21 26 -24 24 -26 -27 -28 -29 -30 -31
leaf_value=0.088461597081355425 0.045517909755547502 0.032093363401626003 0.065671847738538305 0.024668139602733698 0.037915011013345344 -0.025016776133808358 0.042039555051768797 0.11524060086099089 0.022235998433611105 0.039049630348846079 0.043322087135791353 0.046937901709109678 0.054255472856719257 0.089421120703003204 0.027291801613367722 0.048500690221343914 0.059721187231882238 0.016122496368182204 0.0067338903685725277 -0.014737835018790306 0.10161870338254116 0.086306666725128628 0.093310829272398671 -0.0048348392266370594 0.031177678932107669 0.026779173778790234 0.046195878838163396 0.064368499943369725 0.06326919052728612 0.023824777507080119
leaf_weight=37.190446987748146 397.14628574252129 13326.005753412843 100.85567383468151 491.06124438345432 372.71466480195522 1775.1377867758274 6286.8139068633318 520.44033743441105 8886.2270919680595 1391.2151983976364 1608.6875103414059 1624.7746602296829 6611.8390335440636 350.96828410029411 1223.7241943776608 519.82584066689014 749.3023859411478 301.91383077204227 89.054318800568581 76.438469290733337 79.945010140538216 103.6606270968914 49.75279688835144 132.03513495624065 1386.6191012114286 693.10618017613888 365.33361032605171 27.013784617185593 104.31220257282257 784.91663794219494
leaf_count=94 1207 43340 294 1715 1188 7619 19483 997 30262 4400 4931 4910 19028 859 4035 1548 2124 1006 303 297 179 262 125 515 4606 2273 1109 73 295 2637
internal_value=0.035354 0.0338404 0.0300114 0.00729223 -0.00688282 -0.0142506 0.0328914 0.082774 0.0299609 0.024512 0.0469491 0.0337066 0.0488448 0.0665356 0.0417306 0.0517648 0.0439225 0.0366047 0.0536239 0.0277457 0.0725979 0.0618419 0.0395038 0.0303898 0.0280467 0.0383408 0.0550615 0.00591867 0.0301177 0.0311132
internal_weight=50468 48907 37850.8 4258.42 2638.91 2266.2 33592.4 1560.99 25228.2 10277.4 11056.2 14950.8 9874.18 1040.55 8364.15 7522.63 7036.12 821.74 6700.89 140.643 899.908 548.939 2351.55 1619.51 1518.65 2301.79 468.994 103.452 1328.04 1182.06
internal_count=161714 157844 124786 15937 10522 9334 108849 3870 82912 34662 33058 48250 29214 2873 25937 21885 21607 2554 19331 464 2409 1550 7329 5415 5121 7204 1371 370 4330 3844
is_linear=0
shrinkage=0.05


Tree=5
num_leaves=31
num_cat=0
split_feature=27 28 13 27 51 12 51 51 28 21 24 35 35 24 30 21 35 36 51 27 35 13 21 35 1 13 40 28 49 12
split_gain=1711.18 592.445 876.705 498.733 550.075 391.045 283.142 199.878 175.229 159.315 139.995 135.244 144.559 125.389 124.933 123.071 181.698 121.041 115.427 110.632 102.428 84.0213 78.624 104.226 78.833 74.927 61.0859 60.733 57.7282 54.9329
threshold=-0.019384999759495255 0.0087549998424947279 0.1708750054240227 -0.048335000872611993 0.022164999507367614 -0.114655002951622 0.016235000453889373 0.0085950000211596506 0.020325000397861007 12.719999790191652 0.014744999818503858 3.5000000000000004 22.500000000000004 0.11434499919414522 0.019174999557435516 14.989999771118166 16.500000000000004 0.99994999170303356 -0.010544999968260525 -0.08497500047087668 23.500000000000004 0.33361500501632696 11.244999885559084 13.500000000000002 0.59632071852684032 1.0034700036048891 1.5000000000000002 0.063354998826980605 0.5834999978542329 -0.22041500359773633
decision_type=2 2 2 2 2 2 2 2 2 2 2 2 2 2 2 2 2 2 2 2 2 2 2 2 2 2 2 2 2 2
left_child=3 2 5 19 9 29 8 14 17 22 27 -10 -13 -4 -7 16 -11 -3 -19 -1 -17 -6 23 -5 -24 26 -21 -8 -9 -2
right_child=1 6 13 4 21 7 10 28 11 15 -12 12 -14 -15 -16 20 -18 18 -20 25 -22 -23 24 -25 -26 -27 -28 -29 -30 -31
leaf_value=0.067783065804627327 0.02718035047080012 0.02473531166945549 0.018611939439244954 0.052885200235767572 0.096277072959092186 -0.04082464147767071 0.03254700352125494 0.013079140533367837 0.044054428458963089 0.037948224098980993 0.075390561848446114 0.024176828398480996 0.039469476729416315 0.035113719755466843 0.014089131023966341 0.038265507260625192 0.057029711650132056 0.05001835918164093 0.0014097499353460568 0.051272603709751632 0.02497626093741287 0.052060231617737901 0.013716747737690802 0.019253220355712239 0.03905085412725183 0.061095248931045565 0.034863420433719351 0.05983077185161223 -0.041194629289454457 0.0021862416455876604
leaf_weight=1396.5991225093603 464.46133463084698 8021.8743439465761 3065.4843790382147 506.95331411063671 457.89079493284225 1128.5260075032711 691.8773464858532 335.13095039129257 1947.9507429301739 3237.270926117897 409.66188941895962 4736.6911383867264 2293.6016323566437 1843.4235352724791 114.04135642945766 7747.231895044446 2029.813404545188 139.07639902830124 1002.2777464687824 2334.0177998691797 1783.8156794160604 140.3735016733408 1329.4680327326059 422.21971923112869 399.295583948493 1441.3033554553986 749.22111247479916 289.23035179078579 57.383845955133438 417.39187295734882
leaf_count=3590 1524 26551 10513 1453 936 5115 2215 1217 5967 9915 1037 15663 7194 5898 411 23637 5774 421 3815 6566 5716 399 4629 1419 1269 3862 2270 804 247 1535
internal_value=0.0331712 0.0245284 0.012507 0.0428892 0.0387593 -0.0114857 0.0290987 -0.0259593 0.0274319 0.0371436 0.050841 0.0323962 0.029166 0.0248088 -0.0357847 0.039168 0.0453018 0.0225677 0.00733281 0.0554816 0.0357783 0.0859023 0.0258728 0.0376027 0.0195682 0.0516844 0.0472852 0.0405903 0.00514457 0.0153503
internal_weight=50933.6 26958.1 7425.84 23975.5 18054.3 2516.94 19532.2 1635.08 18141.5 17456.1 1390.77 8978.24 7030.29 4908.91 1242.57 14798.1 5267.08 9163.23 1141.35 5921.14 9531.05 598.264 2657.94 929.173 1728.76 4524.54 3083.24 981.108 392.515 881.853
internal_count=161562 90127 26460 71435 55147 10049 63667 6990 59611 53812 4056 28824 22857 16411 5526 45042 15689 30787 4236 16288 29353 1335 8770 2872 5898 12698 8836 3019 1464 3059
is_linear=0
shrinkage=0.05


Tree=6
num_leaves=31
num_cat=0
split_feature=27 28 13 27 12 28 7 27 21 35 23 24 35 23 27 27 21 21 3 13 21 7 12 21 21 13 12 21 21 30
split_gain=1508.32 529.654 789.084 442.174 356.792 203.821 199.63 168.37 154.534 134.491 115.818 108.079 106.377 106.119 106.585 96.6359 94.5922 73.6286 70.1867 66.4492 66.4223 64.2642 63.4004 58.0278 57.3392 48.9483 44.8183 42.7394 42.1495 40.1693
threshold=-0.019205000251531597 0.0087549998424947279 0.17345499992370608 -0.048335000872611993 -0.114655002951622 0.063354998826980605 23.017946243286136 -0.0090649998746812326 12.719999790191652 1.5000000000000002 -16.005000114440914 0.11288499832153322 5.0000000000000009 -96.014999389648423 -0.015505000017583368 -0.08497500047087668 14.989999771118166 12.694999694824221 1.1381840705871584 0.6738249957561494 12.719999790191652 31.165586471557621 -0.34056499600410456 11.244999885559084 16.505000114440922 0.70136499404907238 -0.31139500439167017 26.739999771118168 13.980000019073488 -0.081574998795986162
decision_type=2 2 2 2 2 2 2 2 2 2 2 2 2 2 2 2 2 2 2 2 2 2 2 2 2 2 2 2 2 2
left_child=3 2 4 15 26 9 18 20 17 10 -3 21 22 -11 -15 27 -14 23 -5 -17 -6 -4 -10 -8 -12 -23 -2 28 -1 -20
right_child=1 5 11 6 7 -7 8 -9 12 13 24 -13 16 14 -16 19 -18 -19 29 -21 -22 25 -24 -25 -26 -27 -28 -29 -30 -31
leaf_value=0.047922561028369587 0.032508466777430155 0.01183060294816383 -0.047942924884041352 0.044063051959378804 -0.038715091368348664 0.049075976573384375 0.035597678361456379 -0.040059671031405487 0.050179168611765905 -0.067025945237414702 0.035612710835347228 0.032942061118694882 0.045334669570802566 0.034760248935921161 0.023259044170405929 0.04243932146285001 0.036148657426005204 -0.028882966416382279 0.034033182635113533 0.054482358668259269 -0.00065487116254757849 0.01460697653881189 0.026850795026641151 0.020197041813500766 0.05466514154636283 0.029336493735207692 0.007403822366947645 -0.021376866271088809 0.068884937094939619 0.086127804023101828
leaf_weight=306.96135295927525 244.92489878833294 332.55257168412209 36.979700207710266 230.56374448537827 140.99501390755177 1023.6577622443438 955.24206511676311 868.97157937288284 324.60951203107834 31.46514418721199 868.86211922764778 1846.0050270557404 4458.9788957983255 2345.8492731004953 14257.96839633584 2286.6403826326132 7543.6934687942266 63.168278738856316 42.186512976884842 2294.9781966656446 613.12005080282688 2201.4103921353817 2833.8891007304192 1700.439337477088 723.9371504932642 758.31876957416534 648.51109053194523 14.709085389971731 1096.0306970328093 301.21861293911934
leaf_count=840 774 1140 164 645 621 2942 2917 3996 928 152 2720 5846 12951 7291 46971 6544 22754 248 127 6154 2401 7620 8857 5728 2086 2434 2313 51 2699 648
internal_value=0.0312187 0.0230586 0.0116226 0.0402096 -0.0110896 0.027356 0.0363761 -0.0250577 0.0354443 0.0261581 0.0386688 0.023425 0.0374128 0.0247101 0.024884 0.0520018 0.0395613 0.0244676 0.0654014 0.0484718 -0.0077709 0.0175624 0.0292483 0.0257366 0.0442722 0.0183809 0.014286 0.0634097 0.0642986 0.0797281
internal_weight=51396.8 26943.5 7359.24 24453.3 2516.52 19584.3 18454 1623.09 17880 18560.6 1925.35 4842.71 15161.2 16635.3 16603.8 5999.32 12002.7 2718.85 573.969 4581.62 754.115 2996.71 3158.5 2655.68 1592.8 2959.73 893.436 1417.7 1402.99 343.405
internal_count=161562 89471 26169 72091 10105 63302 55803 7018 54383 60360 5946 16064 45490 54414 54262 16288 35705 8893 1420 12698 3022 10218 9785 8645 4806 10054 3087 3590 3539 775
is_linear=0
shrinkage=0.05


Tree=7
num_leaves=31
num_cat=0
split_feature=27 51 36 45 27 51 51 51 26 12 13 40 35 35 12 34 13 28 27 28 51 53 26 28 12 13 13 51 51 12
split_gain=1343.03 460.953 665.139 534.807 333.909 368.887 301.581 396.454 158.054 146.023 151.187 137.603 130.846 144.564 94.0007 78.5381 73.6227 70.9777 67.51 66.1095 70.1353 55.0596 54.8414 49.2897 49.2614 47.1328 46.7989 44.302 42.4714 37.8769
threshold=-0.022055000066757199 0.017524999566376213 0.98264998197555553 0.74924999475479137 -0.05310500040650367 0.022164999507367614 -0.012405000161379574 0.0085950000211596506 0.059350000694394119 -0.31460499763488764 0.71989500522613536 1.5000000000000002 3.5000000000000004 22.500000000000004 -0.049994999542832368 99.500000000000014 0.85084000229835521 0.04048500023782254 -0.08497500047087668 0.010925000067800285 0.022164999507367614 0.44345000386238104 0.28384999930858618 0.055885000154376037 -0.29596500098705286 0.29168500006198889 1.0034700036048891 0.0063950000330805787 0.00097500000265426945 -0.27150499820709223
decision_type=2 2 2 2 2 2 2 2 2 2 2 2 2 2 2 2 2 2 2 2 2 2 2 2 2 2 2 2 2 2
left_child=4 2 9 -4 18 11 15 -8 19 17 14 12 24 -14 -11 -5 28 22 -1 20 -3 25 -2 29 -6 -7 -20 -18 -13 -10
right_child=1 8 3 6 5 21 7 -9 23 10 -12 16 13 -15 -16 -17 27 -19 26 -21 -22 -23 -24 -25 -26 -27 -28 -29 -30 -31
leaf_value=0.059502888352429256 0.041106359477538795 0.029296097123162015 0.024698822165395238 -0.028249553576071503 0.043463921086549749 0.093691208928845221 -0.032666257718340148 0.01463208877412037 0.039423559959899122 0.021567640398106335 0.032229140199703223 0.018945525479271308 0.043828827026425529 0.028834392805854148 0.010177973296451828 0.071966476714684646 0.032210854987565561 0.041281428165860889 0.042575560141728225 0.086547119473437906 0.085630084908724438 0.039044888070437031 0.025812871561917802 0.05215590122322307 0.020821826365275437 0.053257401336689804 0.054882002310355671 0.050952160663662649 0.029346193967900665 0.013946794068875543
leaf_weight=1434.7618748396635 689.22635355591774 142.07652981579304 1506.7523573338985 23.278403386473656 291.62148356437683 331.44429591298103 1483.700572013855 631.65074349939823 346.3580165207386 13927.355152308941 3051.9805832207203 1946.8810395896435 6558.6494795382023 2129.338556855917 2082.4045974463224 122.05988924205303 1457.5249885320663 1311.6894342154264 2348.2093784064054 307.03181308507919 90.408150941133499 77.435879230499268 3920.9178210049868 357.5684692710638 1362.9484459459782 92.100650027394295 1151.2695769369602 402.3822999894619 1979.6064703166485 252.06113047897816
leaf_count=3590 2056 437 4903 91 837 637 6828 2264 1044 45489 9444 6256 18775 6465 7146 312 4425 3880 6528 642 203 221 12491 980 4302 248 2980 1130 6122 836
internal_value=0.0294127 0.0226155 0.0212078 0.00162366 0.0389467 0.0355576 -0.013756 -0.0185428 0.0496796 0.024161 0.0220304 0.0342452 0.0376996 0.0401538 0.0200862 0.0559152 0.0280708 0.0310191 0.050369 0.0713169 0.0512031 0.0778112 0.0280993 0.0374685 0.0248125 0.0848988 0.0466242 0.0362654 0.0241892 0.0286924
internal_weight=51810.7 30246.5 28751 3767.44 21564.2 16629.9 2260.69 2115.35 1495.5 24983.6 19061.7 16129 10342.6 8687.99 16009.8 145.338 5786.39 5921.83 4934.24 539.516 232.485 500.981 4610.14 955.988 1654.57 423.545 3499.48 1859.91 3926.49 598.419
internal_count=161562 99046 94904 14398 62516 49418 9495 9092 4142 80506 62079 48312 30379 25240 52635 403 17933 18427 13098 1282 640 1106 14547 2860 5139 885 9508 5555 12378 1880
is_linear=0
shrinkage=0.05


Tree=8
num_leaves=31
num_cat=0
split_feature=37 13 12 12 13 31 51 1 21 24 40 31 35 13 5 13 51 51 31 51 13 37 37 29 37 2 37 13 8 1
split_gain=1278.75 879.813 776.777 329.486 437.03 304.171 238.082 227.801 219.778 172.377 143.701 141.714 111.877 94.483 91.2809 94.9587 100.048 90.6743 78.5371 71.9727 70.3065 67.699 57.106 52.3108 51.5877 51.4396 50.1358 48.2456 46.0649 42.5869
threshold=-0.46795000135898585 0.45582500100135809 -0.034694999456405633 -0.23839499801397321 0.11206500232219697 0.033575000241398818 0.019954999908804897 0.037405591458082206 12.719999790191652 0.040674999356269843 1.5000000000000002 -0.086005002260208116 3.5000000000000004 1.0601699948310854 5.380298614501954 0.072384998202323927 -0.013995000161230562 0.011605000123381616 -0.011754999868571757 -0.0038749999366700645 0.23276499658823016 1.0000000180025095e-35 -0.81240001320838917 0.045235000550746925 -0.16645000129938123 0.33400538563728338 -0.16645000129938123 1.1215350031852724 0.027875244617462162 0.60904574394226085
decision_type=2 2 2 2 2 2 2 2 2 2 2 2 2 2 2 2 2 2 2 2 2 2 2 2 2 2 2 2 2 2
left_child=6 2 3 11 7 17 14 -5 29 23 -6 19 26 -14 15 16 -1 20 -18 -2 -4 -13 -17 27 -7 -24 -11 -10 -26 -3
right_child=1 8 5 4 10 24 -8 -9 9 12 -12 21 13 -15 -16 22 18 -19 -20 -21 -22 -23 25 -25 28 -27 -28 -29 -30 -31
leaf_value=0.095246663415007607 0.053575566005974441 0.01978329875113935 -0.040941797860594972 0.011093092279927587 0.026788979411462008 0.049064221300561484 0.095163442428433442 -0.016619248807137867 0.020746881663095972 0.066899316524723626 0.016011786983087466 0.037754773219236433 0.038216005878454112 0.048051446163448509 0.081744469855170532 0.078366744370094651 0.042671599466691329 0.01596014832165021 -0.012073459230060167 0.034549516712076504 -0.0081442905073700993 0.024474607075858398 0.023448947418297922 0.041569895702000884 -0.0020350370302929725 0.060225671999934872 0.026983260932157901 0.035148656864006006 0.024137476568588653 0.032110470324705452
leaf_weight=44.901160761713982 623.02660815417767 2551.8812619298697 718.74029429256916 2417.8911269903183 7836.9433125555515 86.436161711812019 575.44843327999115 1069.6152524799109 2185.874395892024 82.129405006766319 5109.7640363126993 1086.514423429966 6903.4696508497 3778.1066207289696 279.68067234754562 257.17369538545609 127.19593028724194 102.98359227180481 135.09241093695164 2458.4913026541471 211.47898730635643 8219.1626458019018 138.2441116720438 534.21228386461735 432.23691707849503 304.5223493874073 1866.0531212836504 792.30276185274124 275.13414731621742 965.79404856264591
leaf_count=91 1666 8240 3347 8265 24337 264 1064 4329 6954 214 16905 3232 19868 10238 653 601 373 350 520 7327 792 25811 438 1532 1569 797 5625 2344 883 2933
internal_value=0.0277427 0.0262366 0.0209408 0.022945 0.0183036 -0.0106748 0.0684292 0.00259374 0.0344924 0.0369603 0.0225355 0.0291027 0.0396851 0.0416948 0.056474 0.0494563 0.0262812 -0.0285571 0.014475 0.0383962 -0.0334855 0.0260252 0.0596274 0.0271626 0.0126005 0.0487429 0.028666 0.0245783 0.00814484 0.0231678
internal_weight=52170.5 50308.2 30648.4 28821.4 16434.2 1827.01 1862.26 3487.51 19659.8 16142.1 12946.7 12387.2 12629.8 10681.6 1286.81 1007.13 307.19 1033.2 262.288 3081.52 930.219 9305.68 699.94 3512.39 793.807 442.766 1948.18 2978.18 707.371 3517.68
internal_count=161562 157025 99077 91872 53836 7205 4537 12594 57948 46775 41242 38036 35945 30106 3473 2820 984 4489 893 8993 4139 29043 1836 10830 2716 1235 5839 9298 2452 11173
is_linear=0
shrinkage=0.05


Tree=9
num_leaves=31
num_cat=0
split_feature=37 27 36 45 37 27 27 37 23 37 37 27 27 8 37 27 8 37 27 7 35 51 5 21 3 27 27 8 24 51
split_gain=1143.45 1202.46 648.145 675.848 390.655 263.896 258.987 211.347 150.26 148.918 147.354 135.639 129.125 113.632 105.175 93.4409 89.9737 89.1316 88.3296 75.3201 74.5155 73.167 65.7416 64.4762 64.0645 81.6287 54.7365 53.5754 51.5284 47.262
threshold=-0.46795000135898585 -0.02502499986439943 0.98264998197555553 0.74924999475479137 -0.15615000575780866 -0.048335000872611993 -0.014865000266581772 0.37164999544620519 40.995000839233406 0.014349999837577345 1.0278499722480776 0.025410000234842304 0.0053350001107901343 -1.0000000180025095e-35 -0.21755000203847882 0.0021249999990686779 -0.042981773614883416 0.97855001688003551 -0.073255002498626695 24.307216644287113 3.5000000000000004 0.022164999507367614 2.2195357084274296 12.839999675750734 0.036836149170994766 -0.08497500047087668 -0.035885000601410859 -0.016495436429977414 -0.91312500834465016 -0.014884999953210352
decision_type=2 2 2 2 2 2 2 2 2 2 2 2 2 2 2 2 2 2 2 2 2 2 2 2 2 2 2 2 2 2
left_child=6 5 9 -4 13 10 21 14 22 15 18 16 -6 -5 -7 19 -11 20 -2 -3 -9 -1 27 -20 -12 -26 -19 -8 -13 -10
right_child=1 2 3 4 12 7 8 17 29 11 24 28 -14 -15 -16 -17 -18 26 23 -21 -22 -23 -24 -25 25 -27 -28 -29 -30 -31
leaf_value=0.068900176638430344 0.062454225308968415 -0.00944956876645036 0.022819023919251627 -0.013467894248099891 -0.038459887095914046 0.067728327955260792 0.047165186775178079 0.01328134409286099 0.10131030259513057 0.029492959569929714 -0.011210408370044394 -0.036735247604529585 0.049646668389066388 0.026354313258321289 0.036017950755383478 0.076437012063663837 0.017897873394385606 0.020453256874631814 0.021534059215531601 0.028815385601642741 0.029746377502850748 0.094765221914847472 0.058326816429525641 0.047477034419322862 0.048295285305842095 0.028182959013601613 -0.0018863599309850748 0.0031439003112759345 0.039453717616960156 0.056980762130753052
leaf_weight=653.38238786160946 981.64998236298561 131.72601170837879 1706.4993577599525 308.39494825899601 1302.6685159951448 273.9385959059 92.875982627272606 813.71217070519924 87.961513370275497 1827.0602878332138 77.334806203842163 22.70864699780941 42.955909073352814 427.40999674797058 5752.7225144207478 100.99470181763172 19847.001353353262 712.59507292509079 264.65245009958744 5422.8871519267559 4418.5529391765594 470.16906553506851 111.32271480560303 2519.6544341892004 767.62339359521866 1471.7742284089327 445.69853861629963 270.17274911701679 976.02220910787582 190.00608143210411
leaf_count=1515 2326 475 5437 1272 6100 678 258 2587 169 5531 256 84 126 1553 16578 251 63907 2208 789 16734 13039 837 300 6600 1952 4221 1507 957 2814 501
internal_value=0.0261884 0.0247677 0.0189187 -0.000505963 -0.0196294 0.0349218 0.0645213 0.0307421 0.0418177 0.0215161 0.0434541 0.0197055 -0.0356473 0.00966379 0.0374593 0.0287745 0.0188753 0.0244075 0.0495579 0.0279079 0.0271858 0.0797238 0.0247127 0.0450111 0.033532 0.0350771 0.0118572 0.0144055 0.0377214 0.0710086
internal_weight=52492.1 50616.2 32116.3 3787.93 2081.43 18499.9 1875.89 12417.2 752.339 28328.4 6082.69 22672.8 1345.62 735.805 6026.66 5655.61 21674.1 6390.56 3765.96 5554.61 5232.27 1123.55 474.371 2784.31 2316.73 2239.4 1158.29 363.049 998.731 277.968
internal_count=161562 157025 104284 14488 9051 52741 4537 36597 2185 89796 16144 72336 6226 2825 17256 17460 69438 19341 9715 17209 15626 2352 1515 7389 6429 6173 3715 1215 2898 670
is_linear=0
shrinkage=0.05


Tree=10
num_leaves=31
num_cat=0
split_feature=27 37 37 36 45 27 37 28 37 29 28 28 37 28 37 27 35 35 21 35 37 21 40 36 3 21 35 21 35 37
split_gain=989.044 804.515 420.161 545.685 416.443 399.598 347.549 190.867 177.599 166.406 152.93 147.175 145.932 148.628 128.977 120.28 101.358 89.6793 88.4849 77.1957 72.0822 71.8879 120.458 70.1947 59.748 58.257 50.0816 58.6534 49.3604 45.357
threshold=-0.019384999759495255 -0.18955000489950177 -0.56600001454353321 0.99994999170303356 0.99994999170303356 -0.037574999034404748 -0.24935000389814374 0.045295000076293952 0.46635000407695776 0.015724999830126766 0.0097849997691810148 0.010404999833554031 0.24074999988079074 0.020565000362694267 0.94844999909400951 -0.066084999591112123 5.0000000000000009 1.5000000000000002 12.839999675750734 13.500000000000002 1.1413499712944033 15.490000247955324 1.0000000180025095e-35 0.7215000092983247 1.0205324888229372 11.965000152587892 1.0000000180025095e-35 19.855000495910648 22.500000000000004 0.14985000342130664
decision_type=2 2 2 2 2 2 2 2 2 2 2 2 2 2 2 2 2 2 2 2 2 2 2 2 2 2 2 2 2 2
left_child=1 23 10 7 -5 14 11 12 16 -8 25 -6 13 -4 15 29 -7 -14 -17 -18 28 24 -23 -1 -16 -2 -9 -28 -10 -3
right_child=2 5 3 4 6 8 9 26 20 -11 -12 -13 17 -15 21 18 19 -19 -20 -21 -22 22 -24 -25 -26 -27 27 -29 -30 -31
leaf_value=0.060464526764726349 -0.015371052375430497 0.073923787912324054 0.019969572324901944 0.019300005494375695 -0.0012929615464813259 0.018173785052270984 -0.034448521191763531 0.056043245493478944 0.020588169665069059 0.054502053745363425 0.071468849978210264 0.051561895587921604 0.028080017656671053 0.035799657550248269 0.016881203299414796 0.020789759065202244 0.038027061418671682 0.012405475567409577 0.040768461469723155 0.027258188439586759 -0.0050148925042266578 0.018984582093412767 0.056378648205796182 0.083666950538376653 0.03269977975379406 0.037800647952029261 0.035028615845600207 0.01521770959260565 0.005598907544391395 0.050694103385250981
leaf_weight=942.34617471694946 64.920112296938896 269.58983506262302 9539.7018789201975 1420.0424113422632 451.56395609676838 2042.6739450097084 1274.9800229072571 218.17711280286312 2846.6043286174536 54.840296879410744 491.83399623632431 185.93763296306133 1020.2317803800106 1755.6488962620497 1162.3101100325584 627.03834711015224 2450.1684745401144 8643.2646984755993 4771.6639204323292 5187.484717965126 387.79105079174042 356.39225636422634 544.23403434455395 498.3589072227478 1227.199000403285 249.46527656912804 1826.0920172035694 469.71868452429771 680.54184177517891 952.82339885830879
leaf_count=2281 240 587 30367 4572 1779 6327 6167 570 8706 164 1095 513 3115 5156 3468 1935 6956 28411 12946 15394 1323 1044 1355 994 3413 732 5308 1463 2200 2353
internal_value=0.0250025 0.0322218 0.0184928 0.0174253 -0.00133496 0.0299989 -0.0162296 0.0201326 0.0244327 -0.0307803 0.0540583 0.014123 0.018571 0.0224301 0.037634 0.0416548 0.028067 0.0140603 0.038448 0.0307129 0.0154465 0.0295427 0.0415812 0.0684906 0.0250053 0.0268208 0.0331509 0.0309753 0.0176961 0.0558172
internal_weight=52613.6 24947.2 27666.4 26860.2 3387.36 23506.5 1967.32 23472.8 13595.3 1329.82 806.219 637.502 20958.8 11295.4 9911.25 6621.12 9680.33 9663.5 5398.7 7637.65 3914.94 3290.14 900.626 1440.71 2389.51 314.385 2513.99 2295.81 3527.15 1222.41
internal_count=160934 71282 89652 87585 13195 68007 8623 74390 40906 6331 2067 2292 67049 35523 27101 17821 28677 31526 14881 22350 12229 9280 2399 3275 6881 972 7341 6771 10906 2940
is_linear=0
shrinkage=0.05


Tree=11
num_leaves=31
num_cat=0
split_feature=27 37 37 36 45 28 27 28 28 37 37 37 28 37 13 24 21 21 36 28 37 21 13 37 51 8 35 51 28 27
split_gain=890.487 588.469 566.497 599.047 553.376 317.079 304.223 169.662 163.609 161.88 159.926 138.79 151.558 120.742 116.736 93.4304 92.7715 102.088 78.1263 75.5834 68.7375 62.0893 60.6017 60.5118 59.4767 54.9736 54.22 49.9048 52.8143 46.3828
threshold=-0.022055000066757199 -0.16645000129938123 -0.43244999647140497 0.98264998197555553 0.99994999170303356 0.0097849997691810148 -0.046834999695420258 0.055885000154376037 0.021315000019967559 -0.14615000039339063 0.93334999680519115 0.25984999537467962 0.018125000409781936 0.99384999275207531 0.072384998202323927 -0.31695500016212458 12.839999675750734 14.989999771118166 0.9167500138282777 -0.0065750000067055217 0.17885000258684161 11.244999885559084 0.6738249957561494 0.83104997873306286 0.011864999774843456 -0.003226995468139648 14.500000000000002 0.022164999507367614 0.010795000009238722 0.025410000234842304
decision_type=2 2 2 2 2 2 2 2 2 2 2 2 2 2 2 2 2 2 2 2 2 2 2 2 2 2 2 2 2 2
left_child=1 18 5 7 -5 14 13 11 9 -6 16 12 -4 19 24 -13 21 -18 -1 20 -3 -8 26 -9 -2 -26 -15 28 -7 -25
right_child=2 6 3 4 8 27 10 23 -10 -11 -12 15 -14 22 -16 -17 17 -19 -20 -21 -22 -23 -24 29 25 -27 -28 -29 -30 -31
leaf_value=0.057289213106324621 -0.033334729601942989 0.078002764803827951 0.018706829479148503 0.018057085877969718 -0.0047810535585257217 0.026392732460894644 0.029808467893480479 0.053715170566749661 0.050106288324154938 -0.037127013628195628 0.0087547244402021891 0.021419181380108565 0.031417916979106328 0.031550389245806575 0.03796097140326446 0.011202461099731073 0.035454094084974429 0.025305377936349124 0.085580382759351037 0.037431951158407077 0.047743746229307917 0.011390164023217693 0.038310548687873404 0.017388036277212179 -0.013141651705073124 0.053360700250686968 0.011685173156692437 0.088669897923291122 0.065597278878870777 0.037910788987827383
leaf_weight=865.22708676755428 115.55285166203976 212.66590040922165 10199.146261662245 1601.1360961347818 597.89179317653179 99.517265781760216 674.94446420669556 348.65398794412613 74.284609362483025 1095.6091896891594 1328.7697154283524 3103.9108874201775 3045.2487598210573 779.80337189137936 342.60515767335892 8018.6123815923929 3780.9388451129198 7190.3752014487982 339.88614198565483 2149.7035855650902 1597.6221114099026 1420.7447501122952 1148.9134815782309 449.42052361369133 70.096935302019119 55.823627144098282 613.90176466107368 195.83592765033245 628.04432138800621 710.65748484432697
leaf_count=2079 492 442 32255 5116 2464 284 1978 908 224 5401 4266 9641 8976 2157 1002 26231 10552 21041 656 5700 4024 4638 3013 1372 250 158 1838 355 1443 1978
internal_value=0.0236396 0.0312946 0.0181375 0.0165967 -0.00323583 0.0480277 0.0293355 0.0191788 -0.0225215 -0.0257072 0.025281 0.0181714 0.0216295 0.0383115 0.0191948 0.0140536 0.0269615 0.0288028 0.0652684 0.0437709 0.0512985 0.017322 0.0298087 0.0354497 -0.00743073 0.0163404 0.0228001 0.0662654 0.0602348 0.0299602
internal_weight=52855.5 22103.5 30752 29244.6 3368.92 1507.48 20898.4 25875.7 1767.79 1693.5 14395.8 24366.9 13244.4 6502.61 584.079 11122.5 13067 10971.3 1205.11 3959.99 1810.29 2095.69 2542.62 1508.73 241.473 125.921 1393.71 923.398 727.562 1160.08
internal_count=160934 62384 98550 94566 13205 3984 59649 81361 8089 7865 42475 77103 41231 17174 1902 35872 38209 31593 2735 10166 4466 6616 7008 4258 900 408 3995 2082 1727 3350
is_linear=0
shrinkage=0.05


Tree=12
num_leaves=31
num_cat=0
split_feature=27 51 36 45 51 26 27 51 49 12 13 23 1 13 31 40 35 35 13 33 35 22 35 15 6 44 27 35 44 35
split_gain=798.988 317.959 433.094 325.85 208.64 263.613 200.128 216.564 144.132 121.444 148.997 119.13 119.034 109.161 106.976 77.3171 53.0746 52.0316 49.6812 46.5268 46.3782 45.7182 45.569 43.4646 41.4108 40.5246 37.0708 41.7822 36.7921 49.9033
threshold=-0.023285000585019585 0.017524999566376213 0.98264998197555553 0.99994999170303356 0.010135000105947258 0.99994999170303356 -0.05310500040650367 0.02367499936372042 0.25055000185966497 -0.31460499763488764 0.14102499932050708 24.404999732971195 0.044895110651850707 0.83749499917030346 -0.028865000233054158 1.5000000000000002 2.5000000000000004 1.5000000000000002 0.6738249957561494 0.36245000362396246 22.500000000000004 0.2225499972701073 23.500000000000004 0.98025000095367443 0.026927021332085136 0.11214999854564668 -0.090865001082420335 14.500000000000002 -0.17715000361204145 15.500000000000002
decision_type=2 2 2 2 2 2 2 2 2 2 2 2 2 2 2 2 2 2 2 2 2 2 2 2 2 2 2 2 2 2
left_child=6 2 9 -4 5 -5 18 13 -6 17 12 19 -11 14 22 -12 -15 23 21 -3 -16 -1 -8 -2 -18 -19 -23 -28 29 -13
right_child=1 11 3 4 8 -7 7 -9 -10 10 15 28 -14 16 20 -17 24 25 -20 -21 -22 26 -24 -25 -26 -27 27 -29 -30 -31
leaf_value=-0.0087226960603388175 0.057823248810734133 0.058913272423339706 0.017143602369913243 -0.032350479430182912 -0.023156827353171275 0.013722397853249468 0.032703506130610571 0.063559383346149398 0.035286570383411299 0.011664280849594201 0.022102174954375255 0.052590551462922366 -0.013127526239376616 0.017884220865243758 0.021827017838014901 0.015118312880027976 0.04778317741346208 0.025762585783634197 0.043503821020400291 0.013196481612058695 0.011525387558690786 0.045847167884741427 0.018158144479052337 0.029799294497621722 0.032685068981512459 0.016442979371984062 0.038124276551546904 0.0230220060742794 0.018733037892732663 0.01482677073461415
leaf_weight=62.245051130652428 191.0844521522522 627.38239543139935 1653.921823695302 1242.7461842000484 155.50652423501015 413.85988900065422 3169.6012195497751 399.55551253259182 328.01948209106922 3951.243554726243 8707.033854201436 245.23807433247566 551.77945686876774 537.7653774023056 5598.2149550914764 7273.560310959816 519.45324362814426 3939.7353708744049 2576.6215159744024 61.070807486772537 1357.4783778190613 568.04053626954556 648.66729998588562 501.47336655855179 3613.1656634807587 1657.0492407977581 1004.8010729551315 841.55575382709503 527.61598862707615 135.99403256177902
leaf_count=201 491 1456 5250 6130 620 1539 8904 876 1028 12770 26636 639 1995 1612 16582 23239 1343 11780 6436 185 4197 1386 1943 1455 10051 5167 2642 2362 1601 418
internal_value=0.0223672 0.0174217 0.0162853 0.000475359 -0.0124061 -0.0208404 0.0299791 0.0272158 0.0164906 0.0185258 0.0166598 0.0391689 0.00862641 0.0262755 0.0235079 0.0189235 0.0326601 0.0246031 0.0386433 0.0548579 0.0198165 0.0335865 0.0302325 0.0375314 0.0345828 0.0230033 0.0346773 0.0312408 0.0272844 0.0391194
internal_weight=53061.5 32164.3 30567 3794.05 2140.13 1656.61 20897.2 15843.9 483.526 26773 20483.6 1597.3 4503.02 15444.3 10774 15980.6 4670.38 6289.34 5053.26 688.453 6955.69 2476.64 3818.27 692.558 4132.62 5596.78 2414.4 1846.36 908.848 381.232
internal_count=160934 102399 98100 14567 9317 7669 58535 45508 1648 83533 64640 4299 14765 44632 31626 49875 13006 18893 13027 1641 20779 6591 10847 1946 11394 16947 6390 5004 2658 1057
is_linear=0
shrinkage=0.05


Tree=13
num_leaves=31
num_cat=0
split_feature=37 13 12 13 6 28 29 21 35 13 37 28 29 24 13 6 13 28 28 51 24 28 51 21 35 28 23 23 21 23
split_gain=798.047 614.111 554.028 380.278 248.75 230.27 194.233 151.858 147.661 135.285 132.557 129.42 126.054 116.754 114.988 114.07 108.701 75.4524 90.0412 73.9619 72.9596 67.8969 63.975 60.5095 55.5448 55.103 54.3033 53.6672 52.7419 39.491
threshold=-0.46795000135898585 0.45582500100135809 -0.10748500004410742 0.11590500175952913 1.0000000180025095e-35 0.010795000009238722 -0.014144999906420706 12.394999980926515 16.500000000000004 1.1215350031852724 0.0037500000325962905 0.04048500023782254 0.014555000234395267 0.18114500492811206 0.23276499658823016 0.0045147056225687274 0.14329499751329425 0.023465000092983249 -0.001755000033881515 0.016235000453889373 0.066495001316070571 -0.015284999739378689 0.022164999507367614 11.364999771118166 1.5000000000000002 0.085869997739791884 -16.005000114440914 42.805000305175788 11.989999771118166 42.805000305175788
decision_type=2 2 2 2 2 2 2 2 2 2 2 2 2 2 2 2 2 2 2 2 2 2 2 2 2 2 2 2 2 2
left_child=5 2 10 6 8 16 21 23 -5 15 17 13 -8 -12 -6 -9 22 18 -2 -7 -17 -4 28 -3 -11 -13 -26 -19 -1 -25
right_child=1 7 3 4 14 19 12 9 -10 24 11 25 -14 -15 -16 20 -18 27 -20 -21 -22 -23 -24 29 26 -27 -28 -29 -30 -31
leaf_value=-0.031827939218751274 0.063209346137134109 0.023357905429723276 0.082464452784794612 0.037849569221514695 -0.0096619145315748455 0.055379109869248093 -0.026861370100095722 0.034026596791454387 0.0065627360403038848 0.01621751137416946 0.0137837464901358 0.024955983604943836 0.022183671953314985 0.023177561686324271 0.0086756043503286844 0.016911978185598024 0.052988591127055465 0.032968140258681645 0.023026446806633252 0.081482654629137424 0.026330234456752196 0.013736959080008673 0.081149845138720783 0.0053733712083744722 0.03837480174059011 0.046043381470341038 0.020681902971209545 0.063935403655276557 0.018032605498140123 0.0264505920482563
leaf_weight=63.006616652011871 147.9456327855587 1573.6273143291473 45.324622228741646 1061.0044198334217 1145.4217178821564 555.36862397193909 1417.1873811036348 3027.4599691331387 585.0836955755949 356.37682051956654 12475.642130404711 2836.7551043629646 144.3552408516407 4501.1326863616705 3370.4957241714001 3308.7602244913578 359.96906362473965 352.79686471819878 2416.7982237488031 530.64207498729229 5432.1869710236788 173.48382574319839 34.467238485813141 1203.6084697842598 4464.2350407242775 347.76979164779186 480.34126628935337 231.85458490252495 335.20110981166363 272.55966997146606
leaf_count=255 342 4701 101 2996 4454 1302 6348 8304 1878 1060 39397 8345 454 13149 10979 10076 880 977 7354 990 15484 561 65 3906 11807 903 1418 570 1058 820
internal_value=0.0211705 0.0199999 0.0156138 0.00420882 0.0100896 0.0531787 -0.0161454 0.0268135 0.026729 0.0286496 0.0194996 0.0180094 -0.0223275 0.0162744 0.00402446 0.0256621 0.0326886 0.0290394 0.0253444 0.0681337 0.0227651 0.0279734 0.0157998 0.0165367 0.035282 0.0272589 0.036656 0.0452488 0.0101434 0.00926507
internal_weight=53250.9 51372.2 31253.1 7942.36 6162.01 1878.65 1780.35 20119.2 1646.09 17069.4 23310.7 20161.3 1561.54 16976.8 4515.92 11768.4 792.644 3149.4 2564.74 1086.01 8740.95 218.808 432.675 3049.8 5300.95 3184.52 4944.58 584.651 398.208 1476.17
internal_count=160934 156384 98808 27771 20307 4550 7464 57576 4874 48149 71037 61794 6802 52546 15433 33864 2258 9243 7696 2292 25560 662 1378 9427 14285 9248 13225 1547 1313 4726
is_linear=0
shrinkage=0.05


Tree=14
num_leaves=31
num_cat=0
split_feature=37 27 36 45 27 37 37 12 37 27 27 5 29 27 27 37 51 0 25 37 44 27 3 8 9 37 27 35 8 53
split_gain=733.438 764.755 389.931 516.69 240.849 196.968 161.783 143.396 137.976 115.916 136.828 111.55 100.867 91.2755 84.7996 79.7298 73.0889 72.0027 70.348 69.252 67.7379 64.3997 57.5439 57.2234 56.6963 54.2895 53.9723 43.1427 41.8839 39.2775
threshold=-0.43244999647140497 -0.032194999977946274 0.98264998197555553 0.7576500177383424 -0.015345000196248291 -0.15615000575780866 0.25984999537467962 -0.23638499528169629 0.098349999636411681 -0.014555000234395264 -1.0000000180025095e-35 6.1619801521301278 0.016114999540150169 -0.02502499986439943 -0.046834999695420258 1.0992500185966494 0.022164999507367614 0.30475541949272161 0.50725001096725475 0.93334999680519115 0.099950000643730177 -0.060745000839233391 1.2173137068748476 -0.003226995468139648 1.5000000000000002 -0.087750002741813646 0.020405000075697902 23.500000000000004 -0.016495436429977414 0.13114999979734424
decision_type=2 2 2 2 2 2 2 2 2 2 2 2 2 2 2 2 2 2 2 2 2 2 2 2 2 2 2 2 2 2
left_child=4 8 6 -4 16 13 9 20 21 25 -11 17 -7 -5 15 24 29 18 -6 27 -8 -2 -17 28 -10 -3 -9 -16 -19 -1
right_child=1 2 3 5 11 12 7 26 14 10 -12 -13 -14 -15 19 22 -18 23 -20 -21 -22 -23 -24 -25 -26 -27 -28 -29 -30 -31
leaf_value=0.028026006597891881 0.063571106065594171 0.032995205707144086 0.01836509376726583 0.083507147671427071 0.032618977940797739 -0.0316679891133664 0.022055777872962607 0.0086682477167868196 0.028119958602279518 0.014615449417059757 0.043417579831484539 0.065630533436524099 0.03215936821749487 0.00058293652712882208 0.027529555582085842 0.016256348986683967 0.080316662729828028 0.039018693306888223 -0.015858614584898172 0.01059489080372035 0.011401235291083672 0.038154875027731544 0.032566449540152968 0.052198591987141121 0.040448415922017818 0.022574761148912686 0.026182622461839174 0.014467762053473845 -0.0035984053652342823 0.059815683253992918
leaf_weight=117.26350876688957 320.37692554295063 1499.5991358011961 2003.5808436572552 35.102260813117027 125.44447559118271 1273.6663303375244 4987.8517526388168 9164.6095642447472 1509.1135081797838 7879.5466194152832 435.11876398324966 183.95398797094822 65.059399589896202 607.29942379891872 4016.412411108613 1166.5936882644892 449.71216097474098 112.16579049825668 185.49678874015808 935.55296964943409 2128.3043767213821 1122.3017608821392 1008.1039622277021 234.10478162765503 2440.9531603455544 7507.3068878650665 462.04346367716789 750.27476468682289 118.62568318843842 566.9136701375246
leaf_count=304 692 4194 6167 74 357 6199 14890 29217 4025 24770 1187 419 199 2465 11279 3312 841 299 712 2903 6684 2973 2647 596 6155 22115 1354 2232 403 1270
internal_value=0.0200489 0.0188655 0.0152609 0.000461533 0.0490566 -0.0176449 0.0169921 0.0134873 0.0292011 0.0203798 0.0161227 0.0306241 -0.0285661 0.0051141 0.0274204 0.0315055 0.064659 0.022324 0.00369893 0.0230325 0.0188692 0.0437991 0.0238171 0.0347812 0.0357384 0.0243097 0.00950887 0.0254736 0.0171137 0.0543671
internal_weight=53412.5 51318.8 38049.1 3984.71 2093.68 1981.13 34064.4 16742.8 13269.7 17321.6 8314.67 959.792 1338.73 642.402 11827 6124.76 1133.89 775.838 310.941 5702.24 7116.16 1442.68 2174.7 464.896 3950.07 9006.91 9626.65 4766.69 230.791 684.177
internal_count=160934 155733 119515 15104 5201 8937 104411 52145 36218 52266 25957 2786 6398 2539 32553 16139 2415 2367 1069 16414 21574 3665 5959 1298 10180 26309 30571 13511 702 1574
is_linear=0
shrinkage=0.05


Tree=15
num_leaves=31
num_cat=0
split_feature=37 13 12 28 12 31 21 13 13 6 31 40 24 37 28 13 37 21 23 28 30 8 1 21 28 37 5 7 53 21
split_gain=707.359 514.064 543.023 205.863 199.212 179.359 159.114 157.728 141.879 138.544 108.679 101.289 98.5463 96.1612 96.5088 93.7802 91.6214 73.2239 61.6641 58.9422 46.1267 45.8478 44.9792 44.7511 44.0293 57.9606 41.8993 40.5428 39.0147 38.3387
threshold=-0.46795000135898585 0.35814000666141516 -0.046934999525547021 0.010795000009238722 -0.18476500362157819 0.03089499939233065 12.394999980926515 1.1215350031852724 0.08183500170707704 0.0045147056225687274 -0.086005002260208116 1.5000000000000002 0.091935001313686385 -0.39525000751018519 -0.0038149999454617496 0.15011500567197802 -0.30984999239444727 11.414999961853029 42.805000305175788 0.038875000551342971 -0.022125000134110447 -0.041384488344192498 0.9848761558532716 14.989999771118166 0.014694999903440477 -0.17744999378919599 -3.6295902729034419 88.412406921386733 0.70254999399185192 13.065000057220461
decision_type=2 2 2 2 2 2 2 2 2 2 2 2 2 2 2 2 2 2 2 2 2 2 2 2 2 2 2 2 2 2
left_child=3 2 4 15 10 13 17 9 16 23 21 -10 -11 -4 -15 20 -6 26 22 -12 -1 -2 -19 -8 27 -26 28 -7 -3 -22
right_child=1 6 5 -5 8 24 7 -9 11 12 19 -13 -14 14 -16 -17 -18 18 -20 -21 29 -23 -24 -25 25 -27 -28 -29 -30 -31
leaf_value=0.048174175113490342 0.03345532628664119 0.024191852707388939 0.023259022075319848 0.063325150910638867 0.028991474739531755 0.0038651602053725027 0.037069547138308359 0.032071967778035761 0.016427865624408258 0.014577455568270094 0.014614827963002886 0.0045678601000475492 0.023988812140090469 0.023658112737859012 -0.031358309848989858 0.04866312520957234 -0.0083418472868520017 -0.0018384136994923667 0.02360732715568839 0.024064423237934441 -0.019579275460037904 0.021761651501149656 0.029221385046543508 0.026263280995079231 0.10001583933070912 0.017502443894147932 0.013875793518419281 -0.052233911747699695 0.056055328759559597 0.016821424316063673
leaf_weight=81.742603555321693 1357.791861101985 789.06498594582081 102.14537179470062 1076.5493098497391 185.4340450912714 577.81585721671581 1318.1371393352747 5327.9720493257046 4963.5139022916555 5821.9590634405613 9612.1858917623758 2824.7686602622271 5326.0258401036263 86.02135269343853 1086.7346195578575 362.6527915596962 1444.6917562931776 1240.5800733119249 390.38118322193623 1992.2406503409147 100.83583401143551 2190.4898119270802 128.64892004430294 3507.178085103631 24.770934581756592 151.12820516526699 1233.447898760438 34.107540681958199 109.3864628970623 255.94057753682137
leaf_count=198 3674 2308 344 2294 604 1953 3534 14263 15197 17665 29586 9316 15103 277 5053 877 5560 4111 1173 5779 391 6439 368 9810 52 470 3804 173 281 794
internal_value=0.018896 0.0178037 0.0129606 0.0490431 0.0150292 -0.0116801 0.0229239 0.0246223 0.00931874 0.0221374 0.0185786 0.0121263 0.0190738 -0.0232702 -0.0273229 0.0298521 -0.00409502 0.0136271 0.00607774 0.0162371 0.0142956 0.0262364 0.00107988 0.0292152 0.00707568 0.0291224 0.0198582 0.000738296 0.0280712 0.00653348
internal_weight=53704.3 51826.6 26633.8 1877.72 24571.1 2062.72 25192.8 21301.3 9418.41 15973.3 15152.7 7788.28 11148 1274.9 1172.76 801.172 1630.13 3891.51 1759.61 11604.4 438.519 3548.28 1369.23 4825.32 787.823 175.899 2131.9 611.923 898.451 356.776
internal_count=161451 156897 84477 4554 76155 8322 72420 60375 30677 46112 45478 24513 32768 5674 5330 2260 6164 12045 5652 35365 1383 10113 4479 13344 2648 522 6393 2126 2589 1185
is_linear=0
shrinkage=0.05


Tree=16
num_leaves=31
num_cat=0
split_feature=27 37 36 37 12 28 27 13 28 37 37 37 37 7 37 28 7 13 34 37 23 28 14 36 51 16 28 24 9 13
split_gain=652.606 462.057 364.083 358.868 282.988 237.704 188.085 151.992 140.646 180.28 132.349 129.074 112.581 103.306 83.99 81.8354 80.6967 75.4627 72.1754 71.0675 65.2139 62.432 61.7419 60.9252 51.7827 50.436 48.3304 47.0774 47.0232 44.984
threshold=-0.023285000585019585 -0.43244999647140497 0.98264998197555553 -0.18955000489950177 -0.099704999476671205 0.0097849997691810148 -0.046834999695420258 0.23276499658823016 0.023184999823570255 0.21904999762773517 -0.080449998378753648 0.61384999752044689 0.35844999551773077 25.403341293334964 0.99384999275207531 0.044195000082254417 50.96687316894532 0.070445001125335707 84.500000000000014 -0.031950000673532479 -42.854999542236321 -0.030135000124573704 0.18724999576807025 0.73230001330375682 0.019085000269114975 0.98155000805854808 -0.012475000228732823 0.15184500068426135 5.5000000000000009 0.05858499929308892
decision_type=2 2 2 2 2 2 2 2 2 2 2 2 2 2 2 2 2 2 2 2 2 2 2 2 2 2 2 2 2 2
left_child=3 5 8 23 29 17 14 10 9 13 -6 19 26 -3 21 -13 28 25 22 -10 -20 -5 -16 -1 -7 -2 -8 -11 -14 -4
right_child=1 2 4 6 7 24 12 -9 11 27 -12 15 16 -15 18 -17 -18 -19 20 -21 -22 -23 -24 -25 -26 -27 -28 -29 -30 -31
leaf_value=0.046722853188943723 0.025091554035889224 -0.017836175609132154 -0.0050782753761457293 0.052500034688679947 -0.0070663312046392052 0.046520953091839651 0.056767901269549975 0.007747186867406046 0.044299745872153913 0.0036439215816088189 -0.038111558048694538 0.0069328594912288176 0.022945924789518561 0.016168765901176056 -0.022072420300380424 0.020267324815697544 0.0093926517926431544 0.029290699780118241 -0.0075727051597800831 0.02322642799569238 0.024487375540449229 0.032582584112661538 0.029538652550381829 0.074723554283656193 0.0705952959997872 -0.023493975177261435 0.02403168193007894 0.01472007000716543 0.0091371302866645968 0.016521585800344532
leaf_weight=684.95395119488239 80.936666786670685 227.91558204591274 296.84504161775112 442.18268951773643 606.93964786827564 651.54814305901527 114.70889310538769 489.60547682642937 446.09550395607948 6090.0098148286343 790.32486473023891 2382.2813397496939 3157.2872181981802 11144.182436645031 59.761596947908401 2225.5148411989212 3035.9136892706156 361.07934547960758 314.81929594278336 3878.4037792086601 319.68780288100243 3569.2725797742605 1908.8648716956377 271.17893728613853 339.88579900562763 157.08835588395596 6590.7469578236341 1138.7247929871082 766.10448756814003 1282.2831682860851
leaf_count=1622 247 807 1146 1000 2655 1559 281 1658 1160 19857 4138 7629 9026 34081 197 6460 9209 1029 976 11434 869 9172 5008 546 678 628 18554 3482 2298 4045
internal_value=0.0179093 0.0134651 0.0121165 0.0247298 -0.00315591 0.0397485 0.0233184 -0.016226 0.0140391 0.0115627 -0.0246262 0.019196 0.0199682 0.0154873 0.0302394 0.0133733 0.0155134 0.014883 0.0232453 0.0254003 0.00858033 0.0347781 0.0279719 0.0546644 0.0547742 -0.00697323 0.0245917 0.00538872 0.0202495 0.0124612
internal_weight=53825.1 32589.7 30999.1 21235.5 3466 1590.54 20279.4 1886.87 27533.1 18600.8 1397.26 8932.3 13664.8 11372.1 6614.59 4607.8 6959.31 599.104 2603.13 4324.5 634.507 4011.46 1968.63 956.133 991.434 238.025 6705.46 7228.73 3923.39 1579.13
internal_count=161451 102693 98552 58758 13642 4141 56590 8451 84910 58227 6793 26683 39368 34888 17222 14089 20533 1904 7050 12594 1845 10172 5205 2168 2237 875 18835 23339 11324 5191
is_linear=0
shrinkage=0.05


Tree=17
num_leaves=31
num_cat=0
split_feature=37 27 36 45 37 28 37 28 27 28 29 27 37 7 37 28 37 51 9 9 39 12 28 37 2 34 12 12 5 12
split_gain=596.808 636.231 269.748 370.171 261.956 181.492 140.225 157.953 126.347 123.319 109.226 98.8046 98.4252 90.9933 89.6919 89.6614 86.8259 76.8768 76.029 112.251 71.5229 67.4603 65.6602 59.1421 45.4844 43.061 41.5219 37.3623 38.5398 31.5852
threshold=-0.46795000135898585 -0.028535000048577782 0.98264998197555553 0.74924999475479137 -0.17744999378919599 0.010795000009238722 0.17484999448060992 0.029214999638497833 -0.064135000109672533 0.013754999730736019 0.015724999830126766 -0.014105000067502258 0.77684998512268078 25.403341293334964 0.41895000636577612 0.024945000186562542 0.79774999618530285 0.013354999944567682 1.5000000000000002 5.5000000000000009 0.00095000001601874839 -0.11827500164508818 -0.013135000132024286 0.62865000963211071 0.59538432955741893 17.500000000000004 -0.16787499934434888 -0.065975002944469438 -11.199686050415037 -0.2089549973607063
decision_type=2 2 2 2 2 2 2 2 2 2 2 2 2 2 2 2 2 2 2 2 2 2 2 2 2 2 2 2 2 2
left_child=5 8 6 -4 9 11 13 12 16 -5 -6 -1 -8 21 22 -15 -2 -7 -16 -20 29 -3 26 -9 -22 -13 -10 -27 -29 -18
right_child=1 2 3 4 10 17 7 23 14 -11 -12 25 -14 15 18 -17 20 -19 19 -21 24 -23 -24 -25 -26 27 -28 28 -30 -31
leaf_value=0.04496285826346063 0.043953124624571092 0.0034080460138391391 0.015702653284460653 0.00091381621511863473 -0.031404326372815893 0.044659176618679686 0.0095326294294479277 0.024753863559795308 0.021473600635629943 0.05923197336986015 0.032048032631350851 0.044430022707293668 -0.0040783166119677172 0.016979377757411561 0.011693486340695357 0.030610793837445568 0.0034423167241075577 0.071635553302021412 0.027724775145938824 0.011081089211024206 0.015526196713594351 -0.052936734690535614 0.025748205192809751 0.014211216059641622 0.03375858900351255 0.017098433934238391 0.068764190750334464 0.060702282494976861 -0.024678272635759845 -0.057859623091449097
leaf_weight=388.84535402059555 1180.0596723109484 237.8159234970808 1916.3523550778627 588.17424993216991 1256.3605166375637 517.21463319659233 11424.928045600653 2021.6085092872381 67.686569377779961 107.1647834777832 71.691866144537926 73.83134251832962 1502.9462011307478 11587.770706519485 2668.6849558204412 1346.497894436121 104.9907193928957 539.66079831123352 3106.9039278626442 1503.1805698275566 450.93652980029583 68.402309760451317 5366.6927849650383 3889.9006244242191 1416.889329329133 188.59732010960579 147.70336300134659 14.647566199302672 135.32548899948597 26.269951924681664
leaf_count=919 2782 747 5861 2363 6375 1209 35750 5860 184 273 217 200 4986 34858 7805 3687 308 1085 8512 4369 1245 289 14692 11735 3573 582 327 36 523 99
internal_value=0.0169835 0.0159897 0.0123011 -4.58637e-05 -0.0149613 0.0448278 0.0138175 0.0110462 0.0242728 0.00990174 -0.027979 0.0268808 0.00795027 0.0177607 0.0220665 0.0183985 0.0331983 0.0584338 0.0184099 0.0222979 0.0268497 -0.00917812 0.0268346 0.0178166 0.0293569 0.00983165 0.0539031 0.00228685 -0.0163393 -0.00882639
internal_weight=53917.7 52059.6 36019.6 3939.74 2023.39 1858.12 32079.9 18839.4 16040 695.339 1328.05 801.247 12927.9 13240.5 12860.9 12934.3 3179.15 1056.88 7278.77 4610.08 1999.09 306.218 5582.08 5911.51 1867.83 412.402 215.39 338.57 149.973 131.261
internal_count=161451 156897 113001 15089 9228 4554 97912 58331 43896 2636 6592 2260 40736 39581 35889 38545 8007 2294 20686 12881 5225 1036 15203 17595 4818 1341 511 1141 559 407
is_linear=0
shrinkage=0.05


Tree=18
num_leaves=31
num_cat=0
split_feature=37 27 27 7 7 28 27 37 28 12 51 37 28 9 9 40 35 25 9 35 35 48 51 12 8 8 51 51 33 23
split_gain=553.754 584.236 231.33 207.412 204.014 149.753 230.146 141.71 115.38 109.995 101.034 82.8372 113.826 76.0852 113.423 118.082 67.986 59.9011 53.626 73.8931 52.1552 52.0471 63.2449 52.783 46.0962 41.3674 40.7252 39.3293 37.9903 35.3364
threshold=-0.39525000751018519 -0.035885000601410859 -0.013185000047087668 19.469536781311039 88.412406921386733 0.019205000251531604 -0.012025000061839817 0.30304999649524694 0.010404999833554031 -0.046934999525547021 0.022164999507367614 0.39474999904632574 -0.0047850001137703648 1.5000000000000002 4.5000000000000009 1.5000000000000002 18.500000000000004 1.0169499516487124 1.0000000180025095e-35 9.5000000000000018 15.500000000000002 0.12584999948740008 0.0081449998542666453 -0.11713499948382376 -0.01687255501747131 -0.001318693161010742 0.011144999880343677 -0.014884999953210352 0.47145000100135809 -23.76500034332275
decision_type=2 2 2 2 2 2 2 2 2 2 2 2 2 2 2 2 2 2 2 2 2 2 2 2 2 2 2 2 2 2
left_child=2 11 10 9 5 6 -5 -7 24 21 17 12 29 18 15 -15 -16 -1 19 -13 -20 23 -23 -3 -4 28 -6 -10 -26 -2
right_child=1 3 8 4 26 7 -8 -9 27 -11 -12 13 -14 14 16 -17 -18 -19 20 -21 -22 22 -24 -25 25 -27 -28 -29 -30 -31
leaf_value=0.05655895779391773 0.047689685826640994 0.0035618382245081919 0.043569022614065631 0.014008687784101831 -0.041370909519241737 0.024058936672208993 0.0039513823211589404 0.013401539522110713 0.070683764696726215 -0.059628993969125424 0.07275501858195417 0.00027871273782483522 0.027219433257644865 0.038334836092904882 0.022353496012973574 0.017134510151403822 0.0011463371252570628 0.031840388701158975 0.018415112817310616 0.027377675219968919 -0.0011689111232367621 -0.0031875380868802324 0.056588366150274787 -0.034912466448699879 -0.024886301353015571 0.011864172102684296 0.043559522802475333 0.032218928546163338 0.066814321969296639 0.094706512011550489
leaf_weight=474.22921124100685 598.50723411142826 160.92138658463955 66.496145933866501 17719.073241665959 203.19393301010132 4895.0352551341057 8377.7426796257496 8597.6626894623041 88.41004391014576 114.15981164574623 434.01430667936802 310.30426932871342 2502.7327858805656 2213.050323292613 1393.6913753151894 934.01613502204418 518.51716132462025 507.24717147648335 693.75544458627701 1328.7667013853788 666.64348973333836 164.53780752420425 60.528067469596863 199.85657249391079 175.0874969959259 259.69117301702499 15.168548971414564 267.607287093997 12.073345378041266 42.822025045752525
leaf_count=1063 1406 530 175 53424 1052 13858 28232 26165 177 615 879 923 6655 5571 3754 2640 1532 1279 1925 3534 1996 618 157 888 685 876 43 688 31 80
internal_value=0.0161102 0.0150458 0.0401987 0.0122509 0.0127254 0.0129912 0.01078 0.017268 0.0198981 -0.0147297 0.0526669 0.0251519 0.0320353 0.0224663 0.0262071 0.0320428 0.0166029 0.0437839 0.0161566 0.0222474 0.00881825 -0.00598043 0.0128883 -0.0177514 0.00472893 -0.00105088 -0.0354712 0.0417709 -0.0189709 0.050829
internal_weight=53995.5 51710.7 2284.86 40507.9 39807.9 39589.5 26096.8 13492.7 869.365 700.004 1415.49 11202.8 3144.06 8058.74 5059.27 3147.07 1912.21 981.476 2999.47 1639.07 1360.4 585.844 225.066 360.778 513.348 446.852 218.362 356.017 187.161 641.329
internal_count=161451 155598 5853 125582 122774 121679 81656 40023 2632 2808 3221 30016 8141 21875 13497 8211 5286 2342 8378 4457 3921 2193 775 1418 1767 1592 1095 865 716 1486
is_linear=0
shrinkage=0.05


Tree=19
num_leaves=31
num_cat=0
split_feature=27 28 27 36 51 51 27 35 49 51 45 1 51 40 9 23 51 51 24 51 24 40 7 8 24 23 40 7 40 23
split_gain=495.796 216.664 223.355 210.427 182.636 146.413 147.958 131.764 128.574 87.922 104.689 83.7924 79.0137 74.5455 91.7378 68.3856 101.988 64.2878 61.1631 57.2467 55.599 52.754 52.5355 50.5595 47.8128 44.9485 44.8458 40.8202 40.7458 30.2152
threshold=-0.023285000585019585 0.013594999909400942 -0.01379500003531575 0.93015000224113475 0.022164999507367614 0.025580000132322315 -0.064135000109672533 1.5000000000000002 0.25534999370574957 0.010135000105947258 0.99175000190734874 0.84249562025070202 -0.015734999440610405 1.5000000000000002 1.5000000000000002 33.424999237060554 0.015715000219643119 0.0070749998558312663 -0.31695500016212458 0.003514999989420176 0.12746500223875049 2.5000000000000004 25.403341293334964 -0.0023037195205688472 0.11134500056505205 -16.005000114440914 2.5000000000000004 83.26202774047853 1.5000000000000002 66.645000457763686
decision_type=2 2 2 2 2 2 2 2 2 2 2 2 2 2 2 2 2 2 2 2 2 2 2 2 2 2 2 2 2 2
left_child=5 2 4 22 8 6 -1 25 20 10 -5 13 -9 14 -8 16 -14 -10 -17 -15 -2 29 24 -11 -4 -3 28 -24 -27 -13
right_child=1 7 3 9 -6 -7 11 12 17 23 -12 21 15 19 -16 18 -18 -19 -20 -21 -22 -23 27 -25 -26 26 -28 -29 -30 -31
leaf_value=0.030614596793323196 -0.010734880013895318 0.0057170688454163078 -0.03921629970427272 0.0012585288991734857 0.058292263662098387 0.050565486138652187 0.014147702857841055 0.037470900473413615 0.012681315976540665 -0.0094672457616243252 -0.026122770898563498 0.030723527943696555 0.016815614016267921 0.0090047674202631475 0.023883045583617007 0.016311155033652925 0.047297305401441198 0.027448575010876282 0.0087611441015938377 0.019638815032066048 0.017546361008027693 -0.0056744911475088058 0.0071091662706938997 0.030846097382792165 0.022840446056895523 0.032545274966213754 0.052821426690746631 -0.032296730884392229 0.013814271677293958 -0.037411565626378152
leaf_weight=3152.4678130298853 790.10796917974949 205.27808210253716 115.49375693500042 506.77149318158627 219.65773342549801 416.67312824726105 3938.4756686389446 343.68703559041023 5452.0700024366379 150.32121755182743 1121.901559099555 1955.1045341342688 2873.0081689208746 3463.1885582506657 6275.6578621417284 4169.5145021378994 303.3969010412693 852.20112839341164 7521.3490222394466 1994.4384644329548 222.78560779988766 108.37218637764454 5954.2920063585043 161.15984772145748 42.44634160399437 1079.3070784509182 198.46531815826893 66.452795624732971 397.17771176993847 16.407908484339714
leaf_count=7939 2731 631 462 1662 500 971 11254 912 16755 562 5853 5128 8500 10315 17119 12335 743 2427 23485 5645 659 331 18920 516 129 2969 486 253 1203 56
internal_value=0.0152837 0.0114203 0.00717092 0.0014168 0.0133694 0.0212176 0.0206326 0.0153128 0.0120208 -0.0129481 -0.0176029 0.0188599 0.0137693 0.0176085 0.0201292 0.0132214 0.0197271 0.0146775 0.0114538 0.0128909 -0.00451443 0.0282895 0.00592749 0.0113908 -0.0225386 0.0277998 0.0305062 0.00667423 0.0275066 0.0301565
internal_weight=54067.6 32746.8 15655.7 8118.84 7536.82 21320.8 20904.1 17091.2 7317.16 1940.15 1628.67 17751.6 15211 15671.8 10214.1 14867.3 3176.41 6304.27 11690.9 5457.63 1012.89 2079.88 6178.68 311.481 157.94 1880.23 1674.95 6020.74 1476.48 1971.51
internal_count=161451 102693 51429 28357 23072 58758 57787 51264 22572 8593 7515 49848 45975 44333 28373 45063 9243 19182 35820 15960 3390 5515 19764 1078 591 5289 4658 19173 4172 5184
is_linear=0
shrinkage=0.05


Tree=20
num_leaves=31
num_cat=0
split_feature=37 27 36 45 37 27 37 28 37 51 28 29 37 40 35 35 35 16 28 27 13 53 7 25 5 34 40 9 30 37
split_gain=485.388 408.836 205.917 221.076 355.564 165.93 141.602 183.232 109.171 106.983 100.411 88.5283 81.0886 77.5046 73.0763 71.3125 75.3973 55.6484 52.2851 50.8958 43.7652 33.3046 32.5121 31.1527 29.4292 24.2663 24.0184 23.794 23.0903 22.415
threshold=-0.56600001454353321 -0.035885000601410859 0.89034998416900646 0.88635000586509716 -0.15615000575780866 -0.015825000591576096 0.25984999537467962 0.063354998826980605 0.40434999763965612 0.019954999908804897 -0.0047850001137703648 0.014924999792128803 0.84315001964569103 1.5000000000000002 29.500000000000004 26.000000000000004 22.500000000000004 1.0567499995231631 0.015025000087916853 -0.00069499999517574896 0.17345499992370608 0.70754998922348034 27.864422798156742 1.0255500078201296 -21.371033668518063 109.50000000000001 1.5000000000000002 2.5000000000000004 0.20143000036478045 0.025349999777972702
decision_type=2 2 2 2 2 2 2 2 2 2 2 2 2 2 2 2 2 2 2 2 2 2 2 2 2 2 2 2 2 2
left_child=9 8 6 26 5 -5 13 12 10 18 22 -6 -8 19 15 16 -10 -15 20 -3 21 23 -2 -1 -9 28 -4 -17 -12 -24
right_child=1 2 3 4 11 -7 7 24 14 -11 25 -13 -14 17 -16 27 -18 -19 -20 -21 -22 -23 29 -25 -26 -27 -28 -29 -30 -31
leaf_value=0.024873775289750506 0.084480911364043162 0.017842118361396386 0.015908812436266111 0.043857813752468028 -0.029784046060944321 -0.00050788969097861588 0.010138778717266421 -0.019498190968100234 0.020915691284629199 0.065886028109112357 0.026189749131175961 0.02383950583227748 0.0017832291538130594 0.0093562039704902632 -0.0072469695696653668 0.025843749943020428 0.0060601587881094487 0.019475016979864878 0.052913203706818929 0.037422671599039163 0.041826412704942813 0.044579835023938204 0.0575654992193129 -0.008661299418335891 0.030861273589112614 0.014831079014856764 0.0058440490318204556 0.054745840187688244 0.04646090104261133 0.037293875806180148
leaf_weight=132.15592776238918 53.326509222388268 10762.073198571801 1530.5690107792616 305.70830620825291 1236.1247204393148 678.50575682520866 13465.837635964155 29.827200055122375 6412.3134309500456 403.85897819697857 2000.5567395836115 82.078800156712532 3701.9517082870007 5559.7830484509468 255.96978901326656 115.07591609656811 985.37230005860329 1798.1809805184603 281.55906662344933 342.43311554193497 278.93901312351227 76.396227598190308 200.94814029335976 145.49620194733143 1059.666285276413 448.7519720941782 967.41966646909714 186.81768406927586 151.08887857198715 424.29087214171886
leaf_count=382 102 31259 4568 797 6321 2758 41124 96 17293 870 5275 251 11731 17103 790 304 2837 5226 618 909 662 190 431 486 2815 1245 3035 433 356 1046
internal_value=0.0144866 0.0137377 0.0114481 0.00170948 -0.009467 0.0132726 0.0127212 0.00959889 0.0221996 0.0444527 0.029877 -0.0264451 0.00833704 0.0158089 0.0190353 0.019909 0.0189369 0.0118291 0.0349878 0.0184459 0.0270144 0.0153447 0.0470053 0.00730061 0.0294826 0.0254074 0.0120109 0.0437289 0.0276132 0.0438091
internal_weight=54073.1 52754.7 41520.2 4800.41 2302.42 984.214 36719.8 18257.3 11234.5 1318.41 3278.96 1318.2 17167.8 18462.5 7955.55 7699.58 7397.69 7357.96 914.546 11104.5 632.987 354.048 678.566 277.652 1089.49 2600.4 2497.99 301.894 2151.65 625.239
internal_count=161313 158105 127993 17730 10127 3555 110263 55766 30112 3208 8455 6572 52855 54497 21657 20867 20130 22329 2338 32168 1720 1058 1579 868 2911 6876 7603 737 5631 1477
is_linear=0
shrinkage=0.05


Tree=21
num_leaves=31
num_cat=0
split_feature=37 27 12 36 51 37 37 45 28 37 8 27 7 37 28 37 37 35 37 28 27 2 21 9 21 8 33 37 27 22
split_gain=447.792 376.841 236.073 245.03 138.364 126.824 119.8 171.346 117.092 122.72 113.714 112.748 110.932 107.846 97.5698 79.9326 76.282 67.3657 65.1829 64.5774 62.8431 53.1163 52.2761 48.561 36.577 36.1486 31.5896 30.9584 30.8482 30.099
threshold=-0.51164999604225148 -0.02502499986439943 -0.10748500004410742 0.96775001287460338 0.022164999507367614 0.017749999649822715 -0.15615000575780866 0.79914999008178722 0.063354998826980605 0.025349999777972702 -0.00036770105361938471 -0.048335000872611993 30.190896034240726 0.93334999680519115 -0.0051249999087303868 0.29105000197887426 0.75695002079010021 3.5000000000000004 1.0802499651908877 0.012554999906569721 0.0016549999709241094 0.26240985095500952 13.694999694824221 1.5000000000000002 15.72499990463257 -0.034146875143051141 0.12725000083446505 -0.21755000203847882 -0.023924999870359894 2.2763500213623051
decision_type=2 2 2 2 2 2 2 2 2 2 2 2 2 2 2 2 2 2 2 2 2 2 2 2 2 2 2 2 2 2
left_child=4 5 8 12 19 14 10 -8 9 20 -5 18 -4 17 -2 -14 -11 -13 23 21 -3 24 -20 -7 28 -15 -23 -16 -1 -21
right_child=1 2 3 6 -6 11 7 -9 -10 16 -12 13 15 25 27 -17 -18 -19 22 29 -22 26 -24 -25 -26 -27 -28 -29 -30 -31
leaf_value=0.052743906615222727 0.059743271492103511 0.018411697495259442 -0.044224947912111255 -0.017869577438961559 0.067045844397917859 0.019690803244263932 0.0036486687214981328 -0.032472799002838275 0.028632443459054926 0.011600137052698174 0.021442515320303387 0.0069553399925563024 0.01136018365377304 0.011848788534999133 0.040474314250891805 0.00084611112857602968 0.0032067819904089247 0.017948254011481157 -8.9097429642684837e-05 0.027745832692019152 0.0560457550998993 0.025095450172121989 0.019727334687001094 0.03143121169499577 0.031639078959664155 -0.0049865607758892766 0.054884041242960341 0.022815853153615673 -0.017695103566269601 0.055538758700288619
leaf_weight=17.418499290943146 257.31395994126797 4175.7203631699085 102.51189313828945 317.93696781992912 367.03352873027325 1434.5362698435783 507.31603296101093 930.44218103587627 1091.450187176466 13845.032327577472 436.50074632465839 1666.7295120209455 5834.1843568831682 504.49659690260887 312.49097101390362 2619.2331710755825 3364.9348938167095 8506.0542033910751 409.24856705963612 142.19048354029655 113.95378044247627 377.31427223980427 1781.7584095746279 2281.6290654242039 77.625364169478416 866.48559007048607 116.47129052877426 1206.5480322539806 144.3814929574728 309.35060633718967
leaf_count=38 555 12212 425 1338 807 3791 1623 5141 2896 42126 1582 4936 17790 1479 749 8473 10602 23795 1202 352 272 1032 4741 5685 206 2759 262 3261 513 670
internal_value=0.0137504 0.0129689 0.00975397 0.00365415 0.0402216 0.0185435 -0.0112603 -0.0197273 0.0126561 0.011845 0.00487552 0.0172479 0.00747552 0.014373 0.0312714 0.00810247 0.00995905 0.0161472 0.0228662 0.0319116 0.0194114 0.0227508 0.0160259 0.0268991 0.00342432 0.00120854 0.0321218 0.0264485 -0.010112 0.0467868
internal_weight=54118.3 52566.5 33339.2 10748.1 1551.79 19227.3 2192.2 1437.76 22591.1 21499.6 754.438 17450.9 8555.93 11543.8 1776.35 8453.42 17210 10172.8 5907.17 1184.75 4289.67 733.211 2191.01 3716.17 239.425 1370.98 493.786 1519.04 161.8 451.541
internal_count=161313 157433 104480 36372 3880 52953 9684 6764 68108 65212 2920 48388 26688 32969 4565 26263 52728 28731 15419 3073 12484 2051 5943 9476 757 4238 1294 4010 551 1022
is_linear=0
shrinkage=0.05


Tree=22
num_leaves=31
num_cat=0
split_feature=37 27 36 45 37 37 28 37 28 21 51 13 28 35 35 28 29 27 21 35 37 28 13 37 36 28 28 16 15 33
split_gain=415.054 344.825 201.652 174.402 252.667 126.968 118.201 113.843 112.559 108.48 103.608 102.34 90.299 84.3867 81.4774 75.4285 73.6813 61.4242 58.0198 71.8018 49.4132 45.3441 38.4454 36.7088 29.4055 25.2982 24.8014 23.9971 21.5312 20.2986
threshold=-0.56600001454353321 -0.024805000051856037 0.99994999170303356 0.83254998922348034 -0.15615000575780866 0.017749999649822715 0.063354998826980605 0.16784999519586566 0.013754999730736019 12.839999675750734 0.019954999908804897 0.56599998474121105 0.0011749999830499294 1.5000000000000002 23.500000000000004 0.016605000011622909 0.015724999830126766 -0.049164999276399605 11.364999771118166 9.5000000000000018 0.33284999430179601 0.015025000087916853 0.17345499992370608 -0.30984999239444727 0.75094997882843029 0.010534999892115595 0.010155000258237125 1.029249966144562 0.97584998607635509 -2.398649930953979
decision_type=2 2 2 2 2 2 2 2 2 2 2 2 2 2 2 2 2 2 2 2 2 2 2 2 2 2 2 2 2 2
left_child=10 5 6 -4 8 12 7 15 -5 18 21 14 24 -9 -11 -3 -6 -13 19 -7 -20 22 25 -14 -2 26 -1 -25 -23 -8
right_child=1 2 3 4 16 9 29 13 -10 11 -12 17 23 -15 -16 -17 -18 -19 20 -21 -22 28 -24 27 -26 -27 -28 -29 -30 -31
leaf_value=0.0094514275975105654 0.045556869495360697 0.01130910222027715 0.0099274658467550844 0.00054919876685870705 -0.030437883013626949 0.029958134190895099 0.00021714456332639107 0.017949857612368805 0.049380661952735827 0.016032394939622243 0.062852994328188874 0.027533642592469761 0.045350022771245023 0.0061174976028989456 0.001860715875865287 0.020166984566489431 0.027095302402637845 0.018380090742386706 0.012871461289142218 0.0031292480489828606 -0.0068805349496286394 0.015312509338990666 0.038400617747947209 0.015287091998861607 0.081445099704669621 0.036133191079494885 -0.05614652462746611 0.028819824351325025 0.05451444666480703 0.028412934713038893
leaf_weight=246.87982703745365 282.69989836215973 8789.2792885601521 1770.4665468484163 774.30645549297333 1063.2517406791449 468.17991589009762 67.997481673955917 1679.3737925440073 139.23080302774906 6330.255646571517 383.41511331498623 3008.8790189176798 188.82881236076355 14668.266529485583 1207.7267712652683 3307.8410413861275 58.722864359617233 4688.6286183595657 482.67471367120743 533.63637644052505 920.46496097743511 41.121238619089127 276.98906454443932 683.60588504374027 71.516710549592972 91.70590928196907 15.302185490727423 629.0135742276907 236.30958738923073 1041.9886078983545
leaf_count=783 654 26618 5442 3052 5857 1249 202 4917 349 17630 870 7578 438 45754 3597 9317 176 12877 1420 1614 2947 107 662 1889 144 221 54 1640 511 2744
internal_value=0.0130553 0.012371 0.00928371 -0.00154894 -0.011531 0.0176538 0.0106787 0.0100541 0.00799153 0.0163451 0.0410577 0.0179029 0.0300946 0.00733302 0.0137618 0.0137312 -0.0274267 0.0219581 0.00647626 0.0156672 -8.59233e-05 0.0318574 0.0244491 0.0247373 0.0528027 0.0135292 0.00562282 0.021772 0.0487039 0.0266857
internal_weight=54148.6 52856.8 33360.7 3805.98 2035.51 19496.1 29554.7 28444.8 913.537 17640.4 1291.72 15235.5 1855.66 16347.6 7537.98 12097.1 1121.97 7697.51 2404.96 1001.82 1403.14 908.308 630.877 1501.45 354.217 353.888 262.182 1312.62 277.431 1109.99
internal_count=161313 158105 104428 14876 9434 53677 89552 86606 3401 48912 3208 41682 4765 50671 21227 35935 6033 20455 7230 2863 4367 2338 1720 3967 798 1058 837 3529 618 2946
is_linear=0
shrinkage=0.05


Tree=23
num_leaves=31
num_cat=0
split_feature=37 27 12 13 37 12 37 27 51 37 28 37 28 13 37 28 28 21 21 21 21 2 37 28 13 23 28 25 7 6
split_gain=383.111 315.746 168.97 314.253 167.938 157.542 141.83 112.246 102.793 93.9459 90.2301 108.428 80.0141 70.1533 69.7479 63.7512 41.8767 41.6758 67.0637 55.1274 40.0123 38.5982 35.0449 35.0345 33.3178 27.2266 25.8316 24.1957 28.8406 23.5095
threshold=-0.56600001454353321 -0.037574999034404748 -0.1538249999284744 0.17595500499010089 0.29105000197887426 -0.046934999525547021 -0.28714999556541437 -0.0090649998746812326 0.022164999507367614 0.41895000636577612 0.063354998826980605 0.70125001668930065 -0.0047850001137703648 0.58757501840591442 -0.13684999942779538 0.025574999861419204 0.015025000087916853 13.694999694824221 13.590000152587892 18.10999965667725 12.719999790191652 0.13466520607471469 1.4616499543190005 0.04048500023782254 1.1215350031852724 -23.76500034332275 -0.0062049999833106986 1.0882499814033511 27.864422798156742 0.56043410301208507
decision_type=2 2 2 2 2 2 2 2 2 2 2 2 2 2 2 2 2 2 2 2 2 2 2 2 2 2 2 2 2 2
left_child=8 9 10 5 14 6 -4 -7 16 12 11 15 25 17 -5 -3 21 18 -11 -19 22 -1 -15 -13 -6 -2 -22 -23 -29 -14
right_child=1 2 3 4 24 7 -8 -9 -10 13 -12 23 29 20 -16 -17 -18 19 -20 -21 26 27 -24 -25 -26 -27 -28 28 -30 -31
leaf_value=-1.9534422322598248e-05 0.039896397523232111 0.012196703035469403 0.026001394102254674 0.024549348181284281 0.0019067414561909409 -0.0089109021787194109 -0.0044009432408727645 -0.041351551439733319 0.06463895514919818 0.0070318703208347337 0.026923777041884901 0.0010346033127530102 0.021507488546509836 0.00046097138242741478 0.012079280992634063 0.019465622736756782 0.047501442469847617 0.016634897774773793 -0.037178317062232132 -0.0036970352642089646 0.025785474249554321 0.039534472230639169 0.041104451899948553 0.010981253172344448 0.013080793331274264 0.081795619267740122 0.016419798965983702 -0.0088787364370944161 0.029468932869205846 0.043437254342071643
leaf_weight=127.96860247850418 611.5212025642395 13188.758628740907 451.53799514472485 1284.5151042044163 5526.3362676203251 667.9502599388361 2550.1754729002714 443.80982938408852 307.59467972815037 501.76084727048874 1087.2114173918962 2483.3614208102226 2185.2149214446545 354.70755825936794 8826.6317109465599 3910.8485078513622 286.79020501673222 2487.9667259603739 103.46794100105762 384.97460076212883 2413.5388011038303 315.64569729566574 62.362225219607353 1375.701937302947 758.69105137884617 41.396925806999207 1059.3867255300283 68.774435460567474 170.78844211995602 129.4525411427021
leaf_count=401 1454 39157 1390 3625 17384 2792 9335 2415 717 1471 2862 7854 5779 1061 26287 11127 644 6787 350 1138 6181 782 155 4101 2181 78 2835 221 443 306
internal_value=0.0123978 0.0117443 0.00984038 0.00657389 0.0096739 -0.00578266 0.000172381 -0.0218611 0.0394535 0.0195831 0.0128793 0.0121507 0.0270945 0.0165579 0.0136635 0.0138592 0.0314667 0.0113983 -0.000526159 0.0139104 0.0211712 0.0247355 0.00653817 0.00458044 0.00325561 0.0425529 0.0229286 0.0304412 0.01846 0.022734
internal_weight=54168.8 52891.3 42555.5 20509.6 16396.2 4113.47 3001.71 1111.76 1277.56 10335.8 22045.9 20958.7 2967.59 7368.17 10111.1 17099.6 969.967 3478.17 605.229 2872.94 3890 683.177 417.07 3859.06 6285.03 652.918 3472.93 555.209 239.563 2314.67
internal_count=161313 158105 130510 65409 49477 15932 10725 5207 3208 27595 65101 62239 7617 19978 29912 50284 2491 9746 1821 7925 10232 1847 1216 11955 19565 1532 9016 1446 664 6085
is_linear=0
shrinkage=0.05


end of trees

feature_importances:
Column_37=108
Column_27=75
Column_28=74
Column_51=57
Column_21=49
Column_35=46
Column_13=44
Column_12=32
Column_36=23
Column_7=18
Column_40=18
Column_23=17
Column_24=15
Column_45=15
Column_8=13
Column_9=11
Column_29=10
Column_1=8
Column_5=8
Column_6=8
Column_30=7
Column_3=6
Column_31=6
Column_34=6
Column_53=5
Column_2=4
Column_16=4
Column_25=4
Column_33=4
Column_44=4
Column_49=4
Column_0=3
Column_26=3
Column_15=2
Column_18=2
Column_22=2
Column_11=1
Column_14=1
Column_17=1
Column_39=1
Column_48=1

parameters:
[boosting: gbdt]
[objective: binary]
[metric: auc]
[tree_learner: serial]
[device_type: cpu]
[data_sample_strategy: bagging]
[data: ]
[valid: ]
[num_iterations: 300]
[learning_rate: 0.05]
[num_leaves: 31]
[num_threads: 0]
[seed: 11]
[deterministic: 0]
[force_col_wise: 0]
[force_row_wise: 0]
[histogram_pool_size: -1]
[max_depth: 6]
[min_data_in_leaf: 20]
[min_sum_hessian_in_leaf: 0.001]
[bagging_fraction: 0.8]
[pos_bagging_fraction: 1]
[neg_bagging_fraction: 1]
[bagging_freq: 5]
[bagging_seed: 27648]
[bagging_by_query: 0]
[feature_fraction: 0.8]
[feature_fraction_bynode: 1]
[feature_fraction_seed: 4989]
[extra_trees: 0]
[extra_seed: 22223]
[early_stopping_round: 0]
[early_stopping_min_delta: 0]
[first_metric_only: 0]
[max_delta_step: 0]
[lambda_l1: 0]
[lambda_l2: 0]
[linear_lambda: 0]
[min_gain_to_split: 0]
[drop_rate: 0.1]
[max_drop: 50]
[skip_drop: 0.5]
[xgboost_dart_mode: 0]
[uniform_drop: 0]
[drop_seed: 21136]
[top_rate: 0.2]
[other_rate: 0.1]
[min_data_per_group: 100]
[max_cat_threshold: 32]
[cat_l2: 10]
[cat_smooth: 10]
[max_cat_to_onehot: 4]
[top_k: 20]
[monotone_constraints: ]
[monotone_constraints_method: basic]
[monotone_penalty: 0]
[feature_contri: ]
[forcedsplits_filename: ]
[refit_decay_rate: 0.9]
[cegb_tradeoff: 1]
[cegb_penalty_split: 0]
[cegb_penalty_feature_lazy: ]
[cegb_penalty_feature_coupled: ]
[path_smooth: 0]
[interaction_constraints: ]
[verbosity: -1]
[saved_feature_importance_type: 0]
[use_quantized_grad: 0]
[num_grad_quant_bins: 4]
[quant_train_renew_leaf: 0]
[stochastic_rounding: 1]
[linear_tree: 0]
[max_bin: 255]
[max_bin_by_feature: ]
[min_data_in_bin: 3]
[bin_construct_sample_cnt: 200000]
[data_random_seed: 74]
[is_enable_sparse: 1]
[enable_bundle: 1]
[use_missing: 1]
[zero_as_missing: 0]
[feature_pre_filter: 1]
[pre_partition: 0]
[two_round: 0]
[header: 0]
[label_column: ]
[weight_column: ]
[group_column: ]
[ignore_column: ]
[categorical_feature: ]
[forcedbins_filename: ]
[precise_float_parser: 0]
[parser_config_file: ]
[objective_seed: 24011]
[num_class: 1]
[is_unbalance: 0]
[scale_pos_weight: 2.28357]
[sigmoid: 1]
[boost_from_average: 1]
[reg_sqrt: 0]
[alpha: 0.9]
[fair_c: 1]
[poisson_max_delta_step: 0.7]
[tweedie_variance_power: 1.5]
[lambdarank_truncation_level: 30]
[lambdarank_norm: 1]
[label_gain: ]
[lambdarank_position_bias_regularization: 0]
[eval_at: ]
[multi_error_top_k: 1]
[auc_mu_weights: ]
[num_machines: 1]
[local_listen_port: 12400]
[time_out: 120]
[machine_list_filename: ]
[machines: ]
[gpu_platform_id: -1]
[gpu_device_id: -1]
[gpu_use_dp: 0]
[num_gpu: 1]

end of parameters

pandas_categorical:null
