tree
version=v4
num_class=1
num_tree_per_iteration=1
label_index=0
max_feature_idx=57
objective=binary sigmoid:1
feature_names=Column_0 Column_1 Column_2 Column_3 Column_4 Column_5 Column_6 Column_7 Column_8 Column_9 Column_10 Column_11 Column_12 Column_13 Column_14 Column_15 Column_16 Column_17 Column_18 Column_19 Column_20 Column_21 Column_22 Column_23 Column_24 Column_25 Column_26 Column_27 Column_28 Column_29 Column_30 Column_31 Column_32 Column_33 Column_34 Column_35 Column_36 Column_37 Column_38 Column_39 Column_40 Column_41 Column_42 Column_43 Column_44 Column_45 Column_46 Column_47 Column_48 Column_49 Column_50 Column_51 Column_52 Column_53 Column_54 Column_55 Column_56 Column_57
feature_infos=[0:0.49999415874481201] [-0.99282282590866089:243.85050964355469] [0.0039525693282485008:1] [6.4609064764908908e-09:5] [2:7] [-9623.666015625:9751.81640625] [-0.99402648210525513:2.7030470371246338] [0:100] [-0.99649780988693237:271.08529663085938] [0:6] none [-1:1] [-0.99744999408721924:0.19997000694274902] [-0.87866002321243286:309.90426635742188] [0:10] [-0.02630000002682209:6] [-0.085600003600120544:6] [-0.02630000002682209:6] [-0.085600003600120544:6] none none [10.199999809265137:31.979999542236328] [0:50] [-100:100] [-0.99734997749328613:0.99744999408721924] [0:5] [0:1] [-0.15000000596046448:0.15000000596046448] [-0.15000000596046448:0.15000000596046448] [-0.99659997224807739:284.57864379882812] [-0.99671000242233276:280.00961303710938] [-0.9964900016784668:260.58767700195312] [-1:1] [-5:5] [0:251] [0:32] [0:1] [-5:5] [0:1] [0:5] [0:3] [0:1] none [0:9] [-3.2369999885559082:2.1754000186920166] [0.10000000149011612:10] [0:1] [0:1] [0.10000000149011612:20] [0.03970000147819519:0.99599999189376831] [0:3] [-0.10000000149011612:0.10000000149011612] [1:5] [0:1] [0.20000000298023224:5] [-1:1] [0:1] [0:1]
tree_sizes=3472 3498 3508 3494 3499 3506 3511 3498 3512 3497 3493 3500 3518 3499 3516 3518 3492

Tree=0
num_leaves=31
num_cat=0
split_feature=27 36 28 45 37 28 37 37 27 37 37 13 28 45 7 27 37 21 21 35 21 35 37 37 21 37 35 37 14 13
split_gain=3213.34 2438.57 2291.91 1466.24 1146.29 889.292 719.979 709.788 722.632 651.1 367.601 358.96 326.462 398.048 266.429 232.321 189.701 153.414 137.827 134.307 130.942 131.684 129.069 124.802 124.044 113.535 98.3507 90.7072 85.0173 70.7346
threshold=-0.02048499975353479 0.99994999170303356 0.013584999833256008 0.93244999647140514 -0.31135000288486475 0.046265000477433212 -0.33460000157356257 -0.17864999920129773 -0.035435000434517853 -0.52974998950958241 1.0000000180025095e-35 0.63777500391006481 0.02326499950140715 0.79115000367164623 84.661827087402358 -0.011404999997466801 0.089950002729892745 12.839999675750734 11.244999885559084 13.500000000000002 14.989999771118166 23.500000000000004 0.1058499999344349 -0.15554999560117719 12.719999790191652 0.18704999983310702 23.500000000000004 1.5999500155448916 0.002650000038556755 32.192638397216804
decision_type=2 2 2 2 2 2 2 2 2 2 2 2 2 2 2 2 2 2 2 2 2 2 2 2 2 2 2 2 2 2
left_child=7 5 3 -3 15 9 -4 -1 16 -2 28 14 13 -8 -11 -5 -9 18 19 -10 27 -22 -13 -6 -18 -14 -26 -19 -7 -12
right_child=1 2 6 4 23 10 12 8 17 11 29 22 25 -15 -16 -17 24 20 -20 -21 21 -23 -24 -25 26 -27 -28 -29 -30 -31
leaf_value=-0.82791294868581011 -0.85733175072078927 -0.91266288961890796 -0.81181809948726058 -0.88271458956817661 -0.97541792181567644 -0.87396696161481746 -0.90753584648385055 -0.84076334413623888 -0.86630880197820637 -0.91458965821833527 -0.88677737227234432 -0.88901094164710381 -0.84574379501669572 -0.97687809097231437 -0.98078514773485137 -0.94452164195554766 -0.9001932008856729 -0.88299611416279322 -0.92617952278942473 -0.92445565847804179 -0.89581156558025909 -0.92001974534986064 -0.90564828884431015 -1.0035451721430915 -0.87082022335576603 -0.89637709934592713 -0.89098870142829978 -0.97041336417471757 -0.80854742002487989 -0.92993151134002217
leaf_weight=520.73788386583328 554.65483152866364 1095.0085950493813 209.35761451721191 195.63166174292564 499.56345784664154 67.408290714025497 610.51196891069412 399.89953815937042 238.0661116540432 21207.238877892494 2879.3039740025997 1603.061614304781 125.59035533666611 313.09152647852898 153.10462680459023 682.29181802272797 499.39129436016083 1953.8521764278412 811.07490518689156 170.38242030143738 3123.6042252480984 684.93965372443199 4272.913651496172 1872.9466333687305 3886.8248182833195 934.60620188713074 715.78076854348183 30.13242906332016 188.65143969655037 98.19541347026825
leaf_count=1295 1581 3870 479 619 2153 206 2119 1058 705 75456 9255 5197 340 1355 670 2680 1688 6189 3002 627 10389 2483 14731 8723 11727 3115 2338 128 424 368
internal_value=-0.9065 -0.913922 -0.941673 -0.962703 -0.97956 -0.908074 -0.900004 -0.88511 -0.88749 -0.910961 -0.883257 -0.912054 -0.909311 -0.931042 -0.915064 -0.930749 -0.873926 -0.898133 -0.914251 -0.890564 -0.894739 -0.900165 -0.901109 -0.997623 -0.876525 -0.890379 -0.873957 -0.884324 -0.825769 -0.888201
internal_weight=50597.8 37563.1 6538.6 4345.44 3250.43 31024.5 2193.16 13034.7 12513.9 27791 3233.56 27236.3 1983.8 923.603 21360.3 877.923 5501.9 7012.05 1219.52 408.449 5792.53 3808.54 5875.98 2372.51 5102 1060.2 4602.61 1983.98 256.06 2977.5
internal_count=174970 133341 25453 18045 14175 107888 7408 41629 40334 97635 10253 96054 6929 3474 76126 3299 16811 23523 4334 1332 19189 12872 19928 10876 15753 3455 14065 6317 630 9623
is_linear=0
shrinkage=1


Tree=1
num_leaves=31
num_cat=0
split_feature=27 28 36 27 28 12 51 12 13 51 13 51 28 13 12 49 27 13 29 22 12 52 7 15 13 13 27 33 7 6
split_gain=2727.27 2380.74 2243.91 816.897 732.421 485.387 423.063 281.89 574.048 269.706 243.2 240.529 229.011 180.919 162.978 152.948 152.224 117.966 116.381 115.071 112.345 111.908 94.904 91.3137 83.1676 78.2215 71.7538 70.1673 68.8036 67.6392
threshold=-0.01456499984487891 0.01226500002667308 0.99994999170303356 -0.035435000434517853 0.046265000477433212 -0.1285549998283386 0.010214999783784153 -0.1029049977660179 0.17736499756574634 0.015765000134706501 0.19478500634431842 -0.015225000213831661 0.085790000855922713 0.83273500204086315 -0.23782499879598615 0.40489999949932104 -0.064115002751350389 1.0970299839973452 -0.015914999879896637 0.7908499836921693 -0.18571499735116956 4.5000000000000009 11.621123790740969 0.99865001440048229 0.078354999423027052 0.81760501861572277 -0.011135000269860027 1.1917499899864199 18.035770416259769 0.046303495764732368
decision_type=2 2 2 2 2 2 2 2 2 2 2 2 2 2 2 2 2 2 2 2 2 2 2 2 2 2 2 2 2 2
left_child=3 2 7 16 11 24 10 18 21 15 -7 26 -6 14 -13 -5 27 20 -2 -14 -17 -9 -11 -8 -4 -10 -3 -1 -18 -20
right_child=1 4 5 9 12 6 23 8 25 22 -12 13 19 -15 -16 17 28 -19 29 -21 -22 -23 -24 -25 -26 -27 -28 -29 -30 -31
leaf_value=0.08846519832833688 0.065944613317507991 0.12941063354125293 0.010880931365094132 0.039556271671735331 0.066314705413519817 -0.029011398088007675 0.0093318020566639948 0.0098455648388981951 0.035763278535950953 0.15424313988834462 0.011844290929080658 0.053475167313782816 0.059495900831523896 0.059554404259445741 0.04190676841368654 0.064131100525566323 0.12451436281804545 0.072923396587955921 0.040863706534249561 0.10540313723858458 0.053663326090672515 -0.026695149967611156 0.08889897752860508 0.063346852118988106 0.050904753580894135 0.058411865642964134 0.07627788523120213 0.11192725586005732 0.076403324303634723 0.05816742635995073
leaf_weight=1031.1675042212009 686.6477195173502 95.191597893834114 214.21238973736763 1001.314386755228 2744.8062461465597 2290.7259861528873 144.09162020683289 433.99431888759136 1909.8566631227732 66.154770135879517 433.1193765103817 4404.0447492301464 171.23121005296707 2717.3735646754503 9862.6835651397705 4388.4675392359495 75.614517837762833 1518.2452321350574 3436.2316433787346 673.04244165122509 6162.7494219094515 405.12099289894104 347.16481591761112 171.21415784955025 329.35836809873581 476.30173248052597 191.11286221444607 461.20016771554947 4315.788458392024 675.82861091196537
leaf_count=2927 2201 219 859 3527 8636 10440 571 1696 6841 132 1716 14822 557 8878 34622 14084 180 4687 12102 1770 20588 1770 999 565 1127 1554 586 1168 12921 2225
internal_value=0.0515258 0.0426674 0.0245162 0.0663749 0.0527672 -0.00838466 -0.0161679 0.0392064 0.0277752 0.0595918 -0.0225149 0.0484962 0.0733194 0.04773 0.0454779 0.0583343 0.0819201 0.0598922 0.0468895 0.0960925 0.0580171 -0.00779612 0.0993578 0.0386625 0.035132 0.0402842 0.0939437 0.0957159 0.0772317 0.0437076
internal_weight=51834.1 32466.2 11606.7 19367.9 20859.5 3582.72 3039.15 8023.98 3225.27 13484.1 2723.85 17270.4 3589.08 16984.1 14266.7 13070.8 5883.77 12069.5 4798.71 844.274 10551.2 839.115 413.32 315.306 543.571 2386.16 286.304 1492.37 4391.4 4112.06
internal_count=174970 113757 43667 61213 70090 15278 13292 28389 11861 44017 12156 59127 10963 58322 49444 42886 17196 39359 16528 2327 34672 3466 1131 1136 1986 8395 805 4095 13101 14327
is_linear=0
shrinkage=0.05


Tree=2
num_leaves=31
num_cat=0
split_feature=27 28 36 37 37 27 45 37 28 35 37 27 37 37 13 6 37 37 27 29 25 51 28 37 21 37 35 40 37 37
split_gain=2304.92 2045.65 2104.94 917.344 873.285 788.564 769.474 833.146 502.346 261.717 265.602 232.002 217.087 195.849 189.593 380.587 181.197 170.081 154.018 133.313 127.32 123.768 231.674 119.438 98.1262 98.0076 94.2337 91.815 89.014 83.5409
threshold=-0.01456499984487891 0.013584999833256008 0.99994999170303356 -0.31135000288486475 0.049450000748038299 -0.035435000434517853 0.93244999647140514 -0.31135000288486475 0.04227500036358834 3.5000000000000004 0.75325000286102306 0.0096050002612173575 0.2323499992489815 -0.52974998950958241 0.17736499756574634 0.003090800368227065 -0.38574999570846552 0.045350000262260444 -0.0060750001575797788 -0.024555000476539132 0.88964998722076427 0.099995002150535597 0.085790000855922713 -0.15554999560117719 12.719999790191652 1.1162499785423281 1.5000000000000002 1.5000000000000002 0.028350000269711021 1.1956500411033633
decision_type=2 2 2 2 2 2 2 2 2 2 2 2 2 2 2 2 2 2 2 2 2 2 2 2 2 2 2 2 2 2
left_child=3 2 13 -1 11 17 -4 18 9 -6 -11 16 26 -2 15 -15 -3 -5 -8 25 -18 22 -10 -9 -19 -14 -7 -21 -16 -26
right_child=1 4 6 5 8 12 7 23 21 10 -12 -13 19 14 28 -17 20 24 -20 27 -22 -23 -24 -25 29 -27 -28 -29 -30 -31
leaf_value=0.11670396311392084 0.076168018825860787 0.10496763937537477 0.037357199772393004 0.1051218446305776 0.055424446170312003 0.039073321570031183 0.035452936905895585 -0.011863990999088428 0.059203001422692025 0.043063819110775246 0.02545989103753233 0.11025752068129289 0.061489387083072826 0.033580254213954705 0.050336039537139367 -0.013862744514075466 0.071491808950408672 0.051732270565635452 -0.01776197940784268 0.048143319365444283 0.032690202784627802 0.0143222509152869 0.097727275977021591 -0.040245971310394993 0.078242411441690696 0.0190353370488241 0.061484379959109769 0.034902702858796576 0.037071877957024907 0.063837175838986959
leaf_weight=721.18497277796268 313.53428094089031 313.40974919497967 786.51329089701176 417.90482680499554 2845.7068289965391 513.4485567510128 661.10191658139229 471.20276819169521 3478.7787692844868 8117.3257252126932 2911.0577610433102 515.72877521812916 1727.6738719642162 2826.972442060709 1904.0674149543047 497.03991116583347 872.11670023202896 537.02364748716354 171.17734161019325 3170.216255441308 279.06647270917892 132.12211389839649 439.56612002849579 1737.5661870539188 3607.1830077320337 147.55508849024773 5424.716311737895 2230.4784362763166 3767.6668298691511 1395.9607756435871
leaf_count=1649 904 768 2756 993 9193 1739 2394 2060 10818 27456 10490 1229 5362 9981 6267 2096 2634 1707 750 10398 985 484 1115 8325 10102 538 16887 7698 13052 4140
internal_value=0.0478978 0.0398023 0.0244882 0.0613442 0.0499092 0.0592617 -0.00672514 -0.0181263 0.0464281 0.0419054 0.0384171 0.0814175 0.0524527 0.0373218 0.0359679 0.0264861 0.071262 0.0743632 0.0245081 0.0466631 0.0620856 0.0619198 0.0635247 -0.0341912 0.072043 0.0581488 0.0595466 0.042675 0.0415248 0.0742231
internal_weight=52935.1 33041.7 13136.8 19893.3 19904.9 19172.2 3827.56 3041.05 17924.6 13874.1 11028.4 1980.32 13214.1 9309.28 8995.75 3324.01 1464.59 5958.07 832.279 7275.92 1151.18 4050.47 3918.34 2208.77 5540.17 1875.23 5938.16 5400.69 5671.73 5003.14
internal_count=174970 113757 48585 61213 65172 59564 16285 13529 59556 47139 37946 5616 42622 32300 31396 12077 4387 16942 3144 23996 3619 12417 11933 10385 15949 5900 18626 18096 19319 14242
is_linear=0
shrinkage=0.05


Tree=3
num_leaves=31
num_cat=0
split_feature=36 45 37 29 29 28 29 37 28 40 37 51 28 28 6 28 37 30 40 35 23 15 40 29 37 51 29 31 21 12
split_gain=1479.78 1850.99 1703.42 885.045 784.963 756.084 694.331 446.376 437.022 280.81 190.736 190.54 177.441 174.871 171.786 140.174 137.143 127.52 117.665 99.2226 106.494 95.6416 95.2232 89.1743 75.7071 74.3537 71.3353 68.6655 65.1028 64.3596
threshold=0.99994999170303356 0.83314999938011181 -0.31135000288486475 0.020225000567734245 -0.024555000476539132 0.011024999897927048 -0.014454999938607214 -0.52974998950958241 0.054485000669956214 1.5000000000000002 1.0000000180025095e-35 0.010214999783784153 -0.043715000152587884 -0.0069549998734146348 0.25586208701133734 0.014694999903440477 -0.15554999560117719 0.013964999932795765 1.5000000000000002 5.0000000000000009 1.0000000180025095e-35 1.0030500292778017 1.5000000000000002 -0.034804999828338616 0.18704999983310702 0.099995002150535597 -0.022385000251233574 -0.095574997365474687 10.919999599456789 -0.90308502316474903
decision_type=2 2 2 2 2 2 2 2 2 2 2 2 2 2 2 2 2 2 2 2 2 2 2 2 2 2 2 2 2 2
left_child=4 22 5 6 12 11 26 -6 9 13 -10 17 24 -9 -11 21 -8 -3 19 27 -21 -7 23 -2 -1 -12 -4 -14 -20 -26
right_child=1 2 3 -5 7 15 16 8 10 14 25 -13 18 -15 -16 -17 -18 -19 28 20 -22 -23 -24 -25 29 -27 -28 -29 -30 -31
leaf_value=0.11238952671868821 0.085334365180936331 -0.0082266416328192499 0.11100672549473467 0.11005029849208954 0.085111554645772428 0.097805996091455905 -0.0075357738978159691 0.061909623847874996 0.1106086069071649 0.035935105260757327 0.063990373052065661 0.0558364572112834 0.075243495199592905 0.04550836308944689 0.052826005359788576 0.12985959724841209 -0.035610880450952336 0.060479423957689807 0.085920218184354982 0.072232446430148728 0.046194615673119985 0.030661713482678894 0.039996547321866791 0.053078282775171307 0.024819546721144725 0.030803239025127289 0.044968913315888745 0.043404783477998921 0.048593489938577969 0.082571961715790107
leaf_weight=205.70744667947292 238.26428432762623 417.01404763758183 76.933360740542412 128.79524011909962 690.23503239452839 155.96986258029938 544.28639750182629 1776.687994107604 214.01748658716679 13026.171663820744 1901.9166687726974 258.19157773256302 220.33884461224079 19059.069036006927 1701.9782060682774 229.10673989355564 2166.0063212662935 80.585607692599297 124.13774240016937 3111.015070900321 449.42723639309406 80.361906424164772 1433.6145507544279 2127.4613041579723 53.974462404847145 185.20803359150887 87.296416193246841 731.686478510499 1980.3877065330744 454.10770104825497
leaf_count=428 620 1744 174 309 1758 394 2333 5176 443 43915 5477 814 603 61734 5273 423 10254 271 329 8663 1438 280 4728 6631 178 621 288 2317 6177 1177
internal_value=0.0446518 0.0248419 0.00206765 -0.0181783 0.0481158 0.0518577 -0.0239237 0.0452642 0.0445379 0.0431715 0.065655 0.0209842 0.0631134 0.0469069 0.037887 0.101991 -0.0299728 0.00290022 0.0605585 0.0651118 0.0689457 0.0749744 0.050165 0.056327 0.0867981 0.0610454 0.0759043 0.0507736 0.0507952 0.0764368
internal_weight=53910 8023.89 4224.55 3003.32 45886.1 1221.23 2874.52 38555.3 37865 35563.9 2301.14 755.791 7330.78 20835.8 14728.1 465.439 2710.29 497.6 6616.99 4512.47 3560.44 236.332 3799.34 2365.73 713.79 2087.12 164.23 952.025 2104.53 508.082
internal_count=174970 29263 17284 13358 145707 3926 13049 124397 122639 116098 6541 2829 21310 66910 49188 1097 12587 2015 19527 13021 10101 674 11979 7251 1783 6098 462 2920 6506 1355
is_linear=0
shrinkage=0.05


Tree=4
num_leaves=31
num_cat=0
split_feature=27 28 12 13 37 37 30 28 37 37 27 28 37 13 12 37 28 37 28 21 35 28 37 29 37 21 27 1 21 25
split_gain=1801.7 1077.83 1182.54 1716.2 975.973 682.622 365.135 363.158 362.324 268.722 248.837 240.426 234.73 179.033 244.418 143.686 132.652 131.203 258.29 128.744 125.104 121.391 117.031 118.656 111.525 114.214 97.3233 90.8437 85.4555 77.549
threshold=-0.02336500026285648 0.014865000266581775 -0.089385002851486192 0.21055999398231509 1.0000000180025095e-35 -0.33460000157356257 0.014895000029355289 0.03781500086188317 0.00335000001359731 0.72644999623298656 -0.045825000852346413 0.010385000146925451 -0.31135000288486475 0.39946998655796057 -0.18047500401735303 0.24415000528097155 0.020744999870657924 -0.33460000157356257 0.023555000312626365 12.719999790191652 7.5000000000000009 0.0018949999939650299 0.7917500138282777 0.045615000650286681 1.4785500168800356 14.989999771118166 -0.01456499984487891 -0.7949366271495818 11.244999885559084 0.95695000886917125
decision_type=2 2 2 2 2 2 2 2 2 2 2 2 2 2 2 2 2 2 2 2 2 2 2 2 2 2 2 2 2 2
left_child=8 2 12 5 17 11 -7 9 21 16 27 -4 -2 14 -14 26 -6 -3 29 28 -11 -1 -9 -24 25 -21 -5 -10 -12 -19
right_child=1 4 3 15 7 6 -8 22 10 20 19 -13 13 -15 -16 -17 -18 18 -20 24 -22 -23 23 -25 -26 -27 -28 -29 -30 -31
leaf_value=0.1040681647909598 0.066102517747699652 0.098084766037703372 0.0098133826829685643 0.053127575697566001 0.034666936862368748 -0.030562825682517464 0.016327047724721523 0.063801732596453553 0.0047190919279980845 0.039408302910356685 0.054134026973775132 0.064411771158134984 0.040056892145846797 0.047690442657461585 0.023178587824477351 0.022624411587958276 0.046223432169825933 0.060110456093088717 0.097654909215502989 0.064243367326648038 0.018544789958957607 0.070265083446207216 0.038344432568937888 0.055596174179021296 0.017856678596331842 0.05016414582450418 0.034561852799541097 0.068518364530798445 0.025110651525099822 0.02146663463061587
leaf_weight=513.00892761349678 739.05791732668877 609.00638157129288 658.35868015885353 1033.2773030251265 4410.7999025285244 2374.7926893383265 503.14180319011211 1572.7497400045395 56.760767579078674 1033.5231800973415 391.94175969064236 290.64916159212589 5586.3596844375134 2986.8222702592611 3481.8282215595245 1731.9909876734018 5681.8510677814484 636.13662675023079 514.08882488310337 2172.9079281538725 2357.3930651992559 550.689751714468 1835.5337241888046 2180.97936193645 209.68227657675743 4273.363939806819 2227.81833127141 3282.8863473087549 718.64771401882172 163.11284923553467
leaf_count=1078 2092 1326 2514 3103 14568 11016 1917 4505 196 3352 1167 835 18090 9276 12281 6019 17881 1860 1162 6084 8353 1470 5843 6339 712 12755 7431 8733 2436 576
internal_value=0.0417235 0.0368773 0.0290397 0.014954 0.044946 -0.0102389 -0.0223652 0.0415235 0.0586907 0.0370815 0.0560208 0.026535 0.0387502 0.0370733 0.0335763 0.034263 0.0411729 0.0789023 0.0700073 0.0511131 0.0249038 0.0865679 0.0522396 0.0477122 0.0537427 0.05491 0.0404444 0.067434 0.0353534 0.0522239
internal_weight=54779.2 42609.3 21614.1 8820.03 20995.2 3826.94 2877.93 19072.8 12169.9 13483.6 11106.2 949.008 12794.1 12055 9068.19 4993.09 10092.7 1922.34 1313.34 7766.54 3390.92 1063.7 5589.26 4016.51 6655.95 6446.27 3261.1 3339.65 1110.59 799.249
internal_count=174970 140339 74574 32835 65765 16282 12933 60841 34631 44154 32083 3349 41739 39647 30371 16553 32449 4924 3598 23154 11705 2548 16687 12182 19551 18839 10534 8929 3603 2436
is_linear=0
shrinkage=0.05


Tree=5
num_leaves=31
num_cat=0
split_feature=27 36 28 45 37 28 37 37 37 27 51 28 45 28 13 7 37 21 28 8 37 37 37 31 13 37 37 21 3 54
split_gain=1615.89 1229.64 1350.1 797.348 760.898 414.944 388.905 351.832 350.077 254.283 230.439 206.247 275.578 193.045 188.952 163.315 142.097 135.533 112.554 111.269 90.5714 85.1609 84.4201 77.3316 79.6848 75.6654 62.5355 61.1915 59.6574 52.8939
threshold=-0.020225000567734238 0.99994999170303356 0.013745000120252373 0.93244999647140514 -0.31135000288486475 0.048454999923706062 -0.33460000157356257 -0.13444999605417249 0.0073500000871717939 -0.030505000613629814 0.012085000053048136 0.02326499950140715 0.75084999203681957 0.010385000146925451 0.63777500391006481 90.103115081787124 1.0000000180025095e-35 12.719999790191652 0.00026499999512452638 -0.020788729190826413 0.5319499969482423 -0.16685000061988828 -0.14525000005960462 -0.098085001111030565 0.97499501705169689 0.18704999983310702 0.3205499947071076 10.919999599456789 0.012099649757146837 1.1524500250816347
decision_type=2 2 2 2 2 2 2 2 2 2 2 2 2 2 2 2 2 2 2 2 2 2 2 2 2 2 2 2 2 2
left_child=8 5 3 -3 10 7 -4 13 18 17 -5 12 -8 19 15 -9 28 27 -1 -2 29 -20 -6 -19 -25 -13 -16 -10 -7 -11
right_child=1 2 6 4 22 16 11 14 9 20 -12 25 -14 -15 26 -17 -18 23 21 -21 -22 -23 -24 24 -26 -27 -28 -29 -30 -31
leaf_value=0.092972690345776904 0.071994109319322694 0.03332433965490169 0.10378080823822987 0.0085816944155585224 -0.012931547503683147 0.052719335367466473 0.039460483229311921 0.032424217571906271 0.066301714684939131 0.047841224493546365 0.065271432273580385 0.085675735548421145 -0.017175895087716119 0.067830379164483728 0.047048238764525858 -0.059061738688136356 0.051591308455690314 0.069272625561447393 0.083704176084253429 0.035124095980303589 0.032582379363125351 0.053780344021715137 -0.035631573906455986 0.052941446597758179 0.067503481796417283 0.047293943453540613 0.037025259237064609 0.030515595243447713 0.10277028473801925 0.020892709216961531
leaf_weight=580.83529390394688 244.54951161146164 1178.5480368286371 250.38882665336132 692.56167867779732 534.9853555560112 83.786362841725349 658.45205336809158 21622.051264405251 146.05923475325108 3839.0437934994698 241.86570286750793 146.94048310816288 318.75317406654358 1237.2458708286285 3152.6635737121105 48.892107397317886 2980.1449243277311 1394.0180328041315 386.95430126786232 1253.5261070132256 1625.7482190579176 616.68750309944153 1747.1935609430075 4336.0250097066164 1199.2813249081373 1018.0210467278957 3073.254298299551 655.79607899487019 205.69969761371613 191.15193429589272
leaf_count=1231 656 3858 471 2662 2392 220 2071 70815 391 11446 669 349 1323 3309 9498 235 8488 3554 887 4057 5175 1751 8653 12109 3115 3050 9735 2088 382 635
internal_value=0.039187 0.0340193 0.014594 -0.0018586 -0.0147494 0.0379086 0.0448178 0.0361014 0.0532315 0.0506011 0.0232552 0.0379258 0.0209863 0.0532142 0.0344234 0.0322178 0.05484 0.0564952 0.0754553 0.0411428 0.0425444 0.0653175 -0.0303103 0.0587472 0.0560965 0.0521352 0.0421007 0.0370341 0.088284 0.0465631
internal_weight=55661.1 40689.5 6787.71 4395.15 3216.61 33901.8 2392.56 30632.2 14971.6 13387.1 934.427 2142.17 977.205 2735.32 27896.9 21670.9 3269.63 7731.18 1584.48 1498.08 5655.94 1003.64 2282.18 6929.32 5535.31 1164.96 6225.92 801.855 289.486 4030.2
internal_count=175275 132893 25498 18234 14376 107395 7264 98305 42382 38513 3331 6793 3394 8022 90283 71050 9090 21257 3869 4713 17256 2638 11045 18778 15224 3399 19233 2479 602 12081
is_linear=0
shrinkage=0.05


Tree=6
num_leaves=31
num_cat=0
split_feature=27 28 36 37 37 45 37 27 28 35 7 37 37 37 37 28 37 0 29 28 30 27 51 37 43 51 24 49 7 48
split_gain=1417.64 1304.15 1369.04 606.006 494.865 470.713 546.792 459.407 294.053 233.71 159.141 152.408 148.506 140.05 128.48 124.288 137.116 122.439 104.492 100.651 90.904 87.5262 84.7459 83.4287 81.6118 74.1201 72.5056 72.2294 71.3044 61.2928
threshold=-0.01456499984487891 0.013584999833256008 0.99994999170303356 0.028350000269711021 -0.17864999920129773 0.93244999647140514 -0.31135000288486475 -0.030505000613629814 0.046265000477433212 3.5000000000000004 79.476982116699233 0.75325000286102306 0.26735000312328344 0.28745000064373022 -0.061850000172853463 0.021224999800324443 -0.36024999618530268 0.34224696457386022 -0.022924999706447121 0.00026499999512452638 0.026585000567138199 -0.047244999557733529 0.016375000588595871 -0.14525000005960462 3.5000000000000004 -0.09999500215053557 0.12274999916553499 0.24225000292062762 48.573362350463874 2.6794499158859257
decision_type=2 2 2 2 2 2 2 2 2 2 2 2 2 2 2 2 2 2 2 2 2 2 2 2 2 2 2 2 2 2
left_child=4 2 10 15 22 -4 17 13 9 -5 14 -11 -9 19 24 16 -3 -7 -14 -6 -12 25 -1 -8 -2 -15 -16 -20 -23 -10
right_child=1 3 5 8 7 6 23 12 29 11 20 -13 18 21 26 -17 -18 -19 27 -21 -22 28 -24 -25 -26 -27 -28 -29 -30 -31
leaf_value=0.072304776478485808 0.042454470030185001 0.081472034692396098 0.026488662419236697 0.044590894703840055 0.082146896131397931 0.0039243204288926482 -0.012069835833704315 0.044072836723556129 0.050222401063723943 0.032991966318515267 -0.039017046140960271 0.020680789311962541 0.044511058579824091 0.029799344034909483 0.022995079454812176 0.078394517494443205 0.042123309069705059 0.043733348353290603 -0.033712129621449614 0.055895689288522947 0.020915910912774838 0.052030095273938648 0.10986202212392156 -0.035319917281893341 0.009118797567744542 0.059904173759718959 0.034062337325892228 0.029592294572207564 0.038366297490938832 0.023890623427876376
leaf_weight=1060.8952925354242 2133.2115521430969 308.86539247632027 825.88263918459415 3247.9595613330603 681.19656850397587 568.05729939043522 506.60179403424263 6185.9513104110956 3364.0933272093534 8935.3237892091274 134.06344801187515 3498.0519783049822 1438.3698617815971 221.30496934056282 5254.2887890785933 896.74194706976414 781.76036049425602 292.66096127033234 45.549952402710915 786.98725365102291 119.81289665400982 2217.5236274749041 174.97283005714417 1618.6069624274969 200.89103901386261 2685.7682710587978 2060.1466423273087 4184.25890378654 1676.771282106638 236.53718410432339
leaf_count=2521 6517 668 2748 9796 1518 2207 2286 18346 9374 28421 594 11855 4224 656 17653 2058 2376 929 186 2110 407 6072 307 8222 710 6893 6574 13377 4922 748
internal_value=0.0367616 0.0305644 0.018542 0.0383164 0.0469117 -0.0069203 -0.0161609 0.0450257 0.0356068 0.0326481 0.0283434 0.0295283 0.0387158 0.0540707 0.0293715 0.064605 0.0532669 0.0174602 0.0328694 0.0680755 -0.0107326 0.0510475 0.0776221 -0.0297776 0.0395853 0.0576124 0.0261122 0.0289106 0.0461469 0.0484926
internal_weight=56343.1 34983.6 13714.2 21269.3 21359.6 3811.81 2985.93 20123.7 19282 15681.3 9902.41 12433.4 11854.1 8269.55 9648.54 1987.37 1090.63 860.718 5668.18 1468.18 253.876 6801.37 1235.87 2125.21 2334.1 2907.07 7314.44 4229.81 3894.29 3600.63
internal_count=175275 114143 48847 65296 61132 16392 13644 58304 60194 50072 32455 40276 36133 22171 31454 5102 3044 3136 17787 3628 1001 18543 2828 10508 7227 7549 24227 13563 10994 10122
is_linear=0
shrinkage=0.05


Tree=7
num_leaves=31
num_cat=0
split_feature=27 36 28 45 37 37 28 45 28 37 37 13 12 21 28 27 12 9 9 21 13 27 21 37 22 35 21 48 28 35
split_gain=1256.94 909.699 1089.14 686.45 437.482 405.652 314.197 305.949 412.26 292.638 235.929 197.516 190.958 175.265 141.674 122.405 120.82 114.917 168.603 118.052 92.3027 87.8493 78.3054 78.2336 76.4501 71.4438 69.1681 65.7123 56.9127 55.5116
threshold=-0.023064999841153618 0.98665001988410961 0.011295000091195108 0.99674999713897716 -0.33460000157356257 -0.20564999431371686 0.063785001635551467 0.61215001344680797 0.027594999410212043 -0.13444999605417249 0.0073500000871717939 0.63777500391006481 -0.2199750021100044 12.719999790191652 0.010385000146925451 -0.011135000269860027 -0.081964999437332139 5.5000000000000009 2.5000000000000004 16.630000114440922 0.53431499004364025 -0.012285000178962944 15.010000228881838 1.0000000180025095e-35 2.6726499795913701 24.500000000000004 10.919999599456789 2.4611999988555913 0.056439999490976341 7.5000000000000009
decision_type=2 2 2 2 2 2 2 2 2 2 2 2 2 2 2 2 2 2 2 2 2 2 2 2 2 2 2 2 2 2
left_child=10 6 3 -3 21 15 9 28 -9 14 24 12 -11 26 16 -5 -2 18 22 -20 25 -4 -15 -8 -1 -19 -12 -25 -6 -28
right_child=1 2 4 5 7 -7 23 8 -10 11 13 -13 -14 17 -16 -17 -18 20 19 -21 -22 -23 -24 27 -26 -27 29 -29 -30 -31
leaf_value=0.060281770179891975 0.048175977966922648 0.028981350369664288 0.09835602223031005 0.038602916831168954 0.036592499644243874 -0.032373831753335545 0.078929507220229941 -0.013062991816358624 0.072202418243638336 0.034784094302805366 0.052936846762331416 0.038327274105248048 0.025669752932887514 0.052465633558501625 0.059410686556283065 -0.0020478789136525242 0.019819678696357122 0.037317866359493912 0.05431004263955095 0.078085757001358225 0.050662054191342398 0.05566408904758622 0.040558941691965653 0.053839148020839549 0.086982934870365514 0.011752325196069405 0.006447151428560941 0.021915240913193426 0.065799596567490612 0.031084680965274777
leaf_weight=783.87364834547043 1000.9080121964216 1147.3152203708887 270.20224110782146 236.82571418583393 1662.6468164175749 1684.3173508644104 274.04894855618477 714.41567285358906 176.85824576020241 9178.5401435792446 266.53060065209866 7545.1748301535845 15370.598924130201 2831.1713053882122 1375.224043995142 849.22172498703003 601.32899303734303 1147.6825566142797 1454.0900038778782 814.55942156910896 1028.3464130908251 217.49378906190395 2695.5897203683853 1282.0552299618721 407.40265071392059 358.67472207546234 307.24995924532413 184.37846660614014 185.38844721019268 893.46421864628792
leaf_count=1912 2843 3666 481 742 5027 8563 549 2984 430 28320 719 22536 49831 7539 3535 3493 2017 3267 3829 1903 2759 574 7585 3368 817 1150 1042 574 468 2752
internal_value=0.0345413 0.0305034 0.0141762 -0.00354138 0.0356859 -0.0170103 0.0336722 0.027918 0.00385649 0.0326432 0.048207 0.031252 0.0290775 0.0460656 0.0476382 0.00681652 0.0375337 0.0483624 0.0513695 0.0628467 0.039114 0.0793171 0.0466583 0.0544079 0.0694133 0.0312305 0.029895 0.0498253 0.0395225 0.0247802
internal_weight=56945.6 43956.9 7144.69 3917.68 3227.01 2770.36 36812.3 2739.31 891.274 35071.8 12988.6 32094.3 24549.1 11797.4 2977.46 1086.05 1602.24 10330.1 7795.41 2268.65 2534.7 487.696 5526.76 1740.48 1191.28 1506.36 1467.24 1466.43 1848.04 1200.71
internal_count=175275 140001 26428 16464 9964 12798 113573 8909 3414 109082 35274 100687 78151 32545 8395 4235 4860 28032 20856 5732 7176 1055 15124 4491 2729 4417 4513 3942 5495 3794
is_linear=0
shrinkage=0.05


Tree=8
num_leaves=31
num_cat=0
split_feature=27 28 36 37 37 27 45 37 28 37 35 37 13 6 37 28 29 37 37 15 29 21 37 13 9 15 49 28 51 29
split_gain=1127.32 1118.05 1059.26 492.603 446.557 382.642 372.584 434.269 263.033 155.303 144.495 143.257 142.486 281.727 134.564 129.459 128.696 109.247 104.843 101.09 93.1403 90.9935 90.7581 77.8526 75.3722 74.3402 69.9283 65.635 65.1502 64.5867
threshold=-0.013875000178813933 0.013584999833256008 0.99994999170303356 0.073950000107288374 -0.31135000288486475 -0.030505000613629814 0.93244999647140514 -0.31135000288486475 0.033815000206232078 0.26735000312328344 3.5000000000000004 0.59534999728202831 0.1610750034451485 0.003090800368227065 0.12955000251531604 0.02326499950140715 0.075094997882843031 -0.091550000011920915 0.34665000438690191 0.99834999442100536 -0.01703500002622604 12.719999790191652 -0.36024999618530268 0.29183499515056616 5.5000000000000009 0.98084998130798351 0.44844999909400945 -0.0032249999931082125 -0.011975000146776436 -0.015914999879896637
decision_type=2 2 2 2 2 2 2 2 2 2 2 2 2 2 2 2 2 2 2 2 2 2 2 2 2 2 2 2 2 2
left_child=4 2 12 15 -1 14 -4 19 10 23 -5 -10 13 29 27 22 -13 -14 -12 -8 -11 -16 -3 -7 -23 -9 -22 -6 -15 -2
right_child=1 3 6 8 5 9 7 25 11 20 18 16 17 28 21 -17 -18 -19 -20 -21 26 24 -24 -25 -26 -27 -28 -29 -30 -31
leaf_value=0.075905723417551252 0.041480027258883737 0.069834980225226009 0.022784585217687784 0.037454560514009472 0.080299030683223818 0.032720773517060923 -0.012802349441540692 0.026932400575471672 0.055258130756224523 0.036609839825776154 0.031421571035782032 0.032169005595704847 0.042379236561302429 0.061136495862649999 0.029759687740124455 0.070212905839644527 0.051019230871729021 0.025424976241193688 0.020337963537315609 0.025304215553134626 0.0060737010532585615 0.050735487651031308 0.039598040909600118 0.043365128413038842 0.038706392783593072 -0.030068988532644843 0.026335825755630989 0.053188059961094686 -0.024161111566314342 0.018841422493116738
leaf_weight=887.829455062747 361.2262858748436 317.00056885182858 797.3612020611763 2510.9021021127701 433.59714671969414 2764.3553075939417 245.12032824754715 58.912868544459343 1129.3449148535728 2225.5453470349312 3182.4175946861506 4701.2092142552137 1168.659286275506 23.557175070047379 789.19968137145042 907.34174606204033 1121.4671801477671 5081.6422501057386 6474.1496903002262 600.16926382482052 488.74752004444599 5134.9091381728649 1142.9592083543539 4537.4164372235537 1744.674781575799 1966.8256097584963 3307.1092958301306 460.18037529289722 450.39611428976059 2464.752882540226
leaf_count=1851 1061 680 2607 7483 863 8370 972 251 3047 6518 9847 14058 3375 63 2362 2030 2941 16282 21105 2100 1688 13190 3372 12808 4772 10078 10344 1161 1851 8145
internal_value=0.0324993 0.026827 0.0153852 0.033866 0.0411434 0.0397332 -0.00745219 -0.0158498 0.0312021 0.0344331 0.0267691 0.0389606 0.0241574 0.0157522 0.04798 0.0553811 0.0357996 0.028595 0.0239907 0.0142539 0.0284885 0.0458402 0.0461634 0.0393353 0.0476849 -0.0284113 0.0237269 0.0663404 -0.0199215 0.0217352
internal_weight=57479 34705.4 13218.6 21486.8 22773.6 21885.7 3668.39 2871.03 19119.5 13323.2 12167.5 6952.02 9550.23 3299.93 8562.56 2367.3 5822.68 6250.3 9656.57 845.29 6021.4 7668.78 1459.96 7301.77 6879.58 2025.74 3795.86 893.778 473.953 2825.98
internal_count=175275 111348 46785 64563 63927 62076 16008 13401 58481 39728 38435 20046 30777 11120 22348 6082 16999 19657 30952 3072 18550 20324 4052 21178 17962 10329 12032 2024 1914 9206
is_linear=0
shrinkage=0.05


Tree=9
num_leaves=31
num_cat=0
split_feature=36 45 37 28 28 8 40 28 13 37 24 28 28 37 51 13 40 37 30 37 28 37 28 37 37 13 9 9 15 28
split_gain=683.001 927.442 949.6 495.211 423.088 412.144 357.791 262.516 216.865 182.447 174.457 160.234 141.747 126.578 122.884 113.059 119.292 116.926 106.733 101.84 99.535 85.2249 84.6527 84.125 84.0826 76.8645 75.3976 138.599 70.2348 65.9123
threshold=0.99994999170303356 0.83314999938011181 -0.31135000288486475 0.027594999410212043 0.011024999897927048 -0.014517873525619505 1.5000000000000002 -0.0069549998734146348 0.63777500391006481 0.25955000519752508 0.35817499458789831 0.021224999800324443 0.046265000477433212 -0.084049999713897691 0.010214999783784153 0.15656500309705737 2.5000000000000004 -0.15554999560117719 0.013964999932795765 -0.52974998950958241 -0.043715000152587884 0.15284999459981921 0.014694999903440477 0.85605001449584972 1.0000000180025095e-35 0.67305499315261852 1.5000000000000002 5.5000000000000009 1.0027499794960024 -0.01454500015825033
decision_type=2 2 2 2 2 2 2 2 2 2 2 2 2 2 2 2 2 2 2 2 2 2 2 2 2 2 2 2 2 2
left_child=6 25 4 5 14 29 7 21 10 11 15 19 23 -7 18 16 -8 -17 -3 -9 -10 -1 28 -11 -13 -2 -23 -28 -6 -4
right_child=1 2 3 -5 22 13 8 9 20 12 -12 24 -14 -15 -16 17 -18 -19 -20 -21 -22 26 -24 -25 -26 -27 27 -29 -30 -31
leaf_value=0.068673749543149962 0.030043693323331039 -0.012014317578782257 0.085059851986170595 0.074324441054122059 0.06928755989691969 -0.0092530755015439083 0.0082419563009947464 0.062665516874170032 0.082996651229283097 0.03027299230465082 0.044450726527914805 0.066588821348130864 0.042197883414117225 -0.03317090065175067 0.039806774818127381 0.047437759995261605 0.032142404142927176 0.023896027256083092 0.050283125010290287 0.035326712762195199 0.034919820984391829 0.035229994866290595 0.091666104230944803 0.01945219733512862 0.044280642027636874 0.045353055554263333 0.057234986361696411 0.03488699677938701 0.014596231653051515 0.026774608932782065
leaf_weight=413.10514406859875 2976.0644850432873 418.42036813497543 70.808812171220779 147.32820206880569 179.92044626176357 814.30677126348019 2185.0033976584673 353.90315124392509 109.7861550450325 9534.1397679448128 993.32477878034115 673.94795739650726 2150.1295772790909 1724.9096014052629 275.35253818333149 558.21697050333023 685.99428133666515 9567.081436753273 82.272711873054504 9091.9174750596285 5552.2868117392063 1379.0107582062483 256.40609639883041 2213.1007396429777 1131.654918000102 1131.6399180740118 1961.2767697423697 1073.5399775803089 87.130063891410828 153.99405890703201
leaf_count=869 8891 1721 141 328 415 3716 7368 813 226 28763 2727 1493 5804 8789 820 1475 2057 29910 263 26756 15888 3769 431 7095 3125 3088 4784 2941 283 526
internal_value=0.0306167 0.0173579 0.000868498 -0.0149949 0.0364082 -0.0197558 0.0328392 0.0362766 0.0275958 0.0342267 0.0242543 0.0389598 0.0303948 -0.0255006 0.0129771 0.0227106 0.0139527 0.0251939 -0.00177775 0.036351 0.035852 0.046957 0.0711459 0.0282344 0.0526073 0.0342613 0.0449245 0.0493296 0.0514435 0.0451334
internal_weight=57946 8318.55 4210.85 2911.35 1299.5 2764.02 49627.4 29975.7 19651.7 25148.8 13989.6 11251.4 13897.4 2539.22 776.046 12996.3 2871 10125.3 500.693 9445.82 5662.07 4826.93 523.457 11747.2 1805.6 4107.7 4413.83 3034.82 267.051 224.803
internal_count=175275 29412 17433 13500 3933 13172 145863 86212 59651 73849 43537 32187 41662 12505 2804 40810 9425 31385 1984 27569 16114 12363 1129 35858 4618 11979 11494 7725 698 667
is_linear=0
shrinkage=0.05


Tree=10
num_leaves=31
num_cat=0
split_feature=27 36 28 45 37 37 15 37 37 40 28 25 27 13 40 35 35 28 21 37 35 31 21 22 44 2 29 37 23 13
split_gain=888.918 638.468 749.918 533.153 487.963 295.983 241.727 229.151 191.502 175.28 163.294 167.613 162.298 153.295 148.814 135.721 199.315 132.041 116.424 103.026 97.1588 74.5495 55.9808 54.6308 53.3566 53.2887 51.8995 50.3514 49.9128 47.3288
threshold=-0.023714999668300148 0.98665001988410961 0.013745000120252373 0.93244999647140514 -0.22025000303983686 -0.31135000288486475 1.0827500224113467 -0.41744999587535853 0.22854999452829364 1.5000000000000002 0.034845000132918365 0.93985000252723705 -0.011135000269860027 0.38655500113964086 1.5000000000000002 5.0000000000000009 22.500000000000004 -0.010255000088363884 13.769999980926515 0.3205499947071076 8.5000000000000018 -0.095574997365474687 20.57499980926514 13.541349887847902 -0.0082499999552965147 0.26165507733821874 -0.006404999876394867 0.40974999964237219 81.274997711181655 0.63777500391006481
decision_type=2 2 2 2 2 2 2 2 2 2 2 2 2 2 2 2 2 2 2 2 2 2 2 2 2 2 2 2 2 2
left_child=8 6 3 -3 12 -4 7 24 17 19 11 -7 -5 -11 15 21 20 -1 -18 -9 -17 -10 29 27 -2 -26 -6 -8 -12 -16
right_child=1 2 5 4 26 10 23 9 14 13 28 -13 -14 -15 22 16 18 -19 -20 -21 -22 -23 -24 -25 25 -27 -28 -29 -30 -31
leaf_value=0.072367379111624469 0.064641539974668594 0.024879325031911832 0.079209246252669521 0.042952365551253723 -0.0033105775397841413 0.026682728295276698 0.051969168735779815 0.032984251558234444 0.050270439032153197 0.017725013399017955 0.043730646497269182 -0.012920698731993816 0.0016757913909959692 0.027927322309259834 0.020173585147620108 0.063848142587465254 0.066099613626445841 0.046213330293083381 0.020661014855781038 0.025867435599509575 0.045632375364503923 0.02067697806591207 0.050526661111826132 0.061430543786698127 0.020659615922026715 0.052803327079543327 -0.030976895688227115 0.033851303716305965 0.092314737029049743 0.033520836696321242
leaf_weight=612.87551006674767 416.67820742726326 1435.3423586934805 308.34031675755978 317.50308778882027 188.56348362565041 1309.1947495043278 623.91322141885757 10423.786358550191 266.90572060644627 8090.731630012393 607.18108895421028 335.66555033624172 952.82317924499512 6756.6632306575775 1596.4488591253757 924.71230301260948 162.45741949975491 2269.984217479825 1065.9587272256613 9929.4263644814491 3513.0552214533091 1050.0116821825504 248.20515793561935 401.83444282412529 204.17399235069752 349.91492788493633 1677.7575036287308 995.0828615128994 57.906085923314095 1137.3486213684082
leaf_count=1216 940 4436 559 899 829 3965 1580 30545 653 25938 1622 1294 3792 20211 4789 2128 381 5806 3086 30192 8993 3032 626 921 595 854 8971 2809 111 3148
internal_value=0.0288136 0.0255267 0.0118585 -0.000361196 -0.0119114 0.0331962 0.0280999 0.0271597 0.0404242 0.0264988 0.0270542 0.0186009 0.0119924 0.0223678 0.0371409 0.0411337 0.0444942 0.0517735 0.0266702 0.0295123 0.0494281 0.0266748 0.0277907 0.0449291 0.0511241 0.0409588 -0.0281816 0.0408334 0.0479606 0.0257265
internal_weight=58230.4 45382.5 7190.28 4571.99 3136.65 2618.29 38192.2 36171.4 12848 35200.6 2309.95 1644.86 1270.33 14847.4 9965.1 6983.1 5666.18 2882.86 1228.42 20353.2 4437.77 1316.92 2982 2020.83 970.767 554.089 1866.32 1619 665.087 2733.8
internal_count=174921 141063 26478 18927 14491 7551 114585 109275 33858 106886 6992 5259 4691 46149 26836 18273 14588 7022 3467 60737 11121 3685 8563 5310 2389 1449 9800 4389 1733 7937
is_linear=0
shrinkage=0.05


Tree=11
num_leaves=31
num_cat=0
split_feature=27 28 36 37 37 45 37 27 28 37 35 35 40 12 13 1 28 37 27 1 37 37 27 35 37 29 1 9 9 13
split_gain=803.329 897.033 656.3 469.892 370.399 328.074 430.537 285.892 179.833 159.693 141.421 141.75 128.37 126.839 267.594 218.872 112.235 112.195 104.149 94.1385 83.1165 80.13 79.2922 77.3425 76.9949 73.5469 67.4121 66.1702 85.4661 61.2553
threshold=-0.01403500000014901 0.015025000087916853 0.99994999170303356 0.077950000762939467 -0.17864999920129773 0.93244999647140514 -0.33460000157356257 -0.036845000460743897 0.039935000240802772 0.75325000286102306 1.5000000000000002 22.500000000000004 1.5000000000000002 -0.10060499981045722 0.1726850047707558 0.082951918244361891 0.02326499950140715 0.73524999618530285 -0.0060750001575797788 0.42615400254726415 -0.0041499999351799479 -0.29035000503063196 0.0055549999233335265 7.5000000000000009 -0.15554999560117719 1.8375449776649477 -0.7949366271495818 4.5000000000000009 1.5000000000000002 0.6460549831390382
decision_type=2 2 2 2 2 2 2 2 2 2 2 2 2 2 2 2 2 2 2 2 2 2 2 2 2 2 2 2 2 2
left_child=4 2 13 22 -1 -4 18 17 9 16 -9 12 -12 21 15 -15 -5 -6 -7 -13 -16 -2 -3 -11 -8 26 -10 28 -19 -29
right_child=1 3 5 8 7 6 24 10 25 23 11 19 -14 14 20 -17 -18 27 -20 -21 -22 -23 -24 -25 -26 -27 -28 29 -30 -31
leaf_value=0.059678602835481376 0.044243450992608041 0.045040904302621032 0.021363074742353407 0.022167977552006658 0.04949415930659283 0.02499381029789283 -0.0085214020290452393 0.013090236773843706 -0.065372421356321903 0.025749421814979936 0.037574757191535628 0.016259563907614214 0.026557978959200274 0.010117931385766726 0.032242190614196399 -0.038054943036400932 0.033003584067756837 0.029104588939419536 -0.019269325852310087 0.036414327188355022 0.014562923603307602 0.022207223456204059 0.065917015809848989 0.0100461962872177 -0.030596801795580164 -0.038295635503754782 0.035552550398170089 0.015402578029948034 0.047630762512892388 0.044847355328322618
leaf_weight=1370.4287822842598 440.95242768526077 1323.1541614085436 935.79910437762737 5235.3161976933479 2750.0564500689507 714.80025225877762 529.74798645079136 1245.1128090471029 16.59943599998951 1132.103121638298 6814.1489292383194 2346.7764500528574 4320.8888438940048 549.36073963344097 910.15388579666615 413.09069600701332 4396.8412758708 1062.9251609295607 163.24570192396641 769.28208090364933 2466.2705730497837 6401.2133440226316 693.12506061792374 2550.9581222236156 1552.7256896197796 34.244401827454567 5093.5851775109768 610.47333055734634 1502.5371507406235 248.54334205389023
leaf_count=3021 1145 3445 2941 16107 6593 2327 2410 3861 67 3419 18723 7206 12737 1885 2629 1718 12763 2861 696 2127 7924 19799 1459 8472 8503 128 13944 1754 3643 614
internal_value=0.0271969 0.0224839 0.0132285 0.029299 0.0344693 -0.00444295 -0.0126 0.0328751 0.0267957 0.0237282 0.0292499 0.0306618 0.0332998 0.0193866 0.0126991 -0.0105582 0.0271142 0.0419731 0.0167644 0.0212353 0.0193286 0.0236274 0.0522174 0.0148731 -0.0249812 0.0347353 0.0352247 0.0359332 0.039955 0.023922
internal_weight=58594.5 35553.3 15077.4 20475.9 23041.2 3896.32 2960.52 21670.7 18459.6 13315.2 15496.2 14251.1 11135 11181 4338.88 962.451 9632.16 6174.54 878.046 3116.06 3376.42 6842.17 2016.28 3683.06 2082.47 5144.43 5110.18 3424.48 2565.46 859.017
internal_count=174921 111781 51977 59804 63140 16877 13936 60119 54900 40761 44654 40793 31460 35100 14156 3603 28870 15465 3023 9333 10553 20944 4904 11891 10913 14139 14011 8872 6504 2368
is_linear=0
shrinkage=0.05


Tree=12
num_leaves=31
num_cat=0
split_feature=13 12 28 13 37 30 30 37 37 8 24 35 31 15 12 37 12 40 12 37 36 13 48 16 40 37 13 8 34 35
split_gain=556.403 880.5 594.681 395.608 335.358 265.467 360.75 214.183 175.096 171.963 138.314 112.819 109.925 104.783 95.8907 94.5708 84.1968 90.549 81.121 80.68 75.8506 71.4174 69.3987 67.3371 64.0265 60.5551 58.9436 58.9126 56.9196 55.4294
threshold=0.38655500113964086 -0.10778500139713286 0.013584999833256008 0.1726850047707558 -0.36024999618530268 -0.0082450001500546915 0.014374999795109035 -0.29035000503063196 0.019749999977648262 -0.027624249458312985 0.072494998574256911 3.5000000000000004 0.020004999823868278 1.0827500224113467 -0.25280499458312983 -0.20564999431371686 -0.035125000402331345 1.5000000000000002 -0.0083650001324713213 0.089950002729892745 0.98665001988410961 1.1685999631881716 2.2703499794006352 1.1232500076293948 1.5000000000000002 -0.13444999605417249 0.13868499547243121 1.2085400819778445 125.50000000000001 21.500000000000004
decision_type=2 2 2 2 2 2 2 2 2 2 2 2 2 2 2 2 2 2 2 2 2 2 2 2 2 2 2 2 2 2
left_child=1 7 3 5 -4 15 -7 -1 22 -9 13 -12 20 18 28 -3 17 -5 21 -14 -6 -10 25 -20 29 -2 -16 -15 -11 -13
right_child=8 2 4 16 12 6 -8 9 10 14 11 24 19 27 26 -17 -18 -19 23 -21 -22 -23 -24 -25 -26 -27 -28 -29 -30 -31
leaf_value=0.050196264312698094 0.047521056148681746 0.029729827088414741 0.073925475405318505 0.028265564520963168 0.016890008950629712 -0.026989175364819859 0.015398407115803434 0.033869915557684857 0.024694347504187433 0.034675311675829629 0.020476973026191905 0.046445378955814229 0.053818348097511175 0.041773433146641559 0.014430183523298102 -0.00079342068976601089 0.0004644863274261016 0.0084344367675923057 0.0031211226086337519 0.024475817947640501 -0.011757239720608485 0.034115662194817507 0.05775027234150143 0.028713877782878785 0.031563177232602796 0.033198173953534367 0.022910527237646628 -0.014003865809315978 0.025025977278671608 0.032517917809496484
leaf_weight=949.07648651301861 1172.3442887812853 440.33895878493786 334.92140024900436 1260.3520177304745 860.26477397978306 2211.1454113125801 649.3773799687624 5238.2836944907904 9594.8562251031399 2057.8152208179235 1051.2242538630962 2511.4711811542511 271.27626602351665 1359.745408013463 3117.9332012981176 598.93072591722012 807.70597267150879 1059.4836392253637 699.55505563318729 1717.1585395634174 315.91973948478699 2545.0609895735979 549.84787431359291 406.28450335562229 2173.2540327608585 1991.6187667697668 5976.9747023284435 49.048199847340584 5939.2199565917253 998.38352477550507
leaf_count=2266 2875 1366 615 3701 2677 10642 2329 14204 28315 5724 3032 6252 679 3530 10104 2333 2986 3454 2270 5180 1182 7025 1191 1161 6012 5470 17977 168 17508 2693
internal_value=0.0256939 0.0215066 0.00950686 0.00112052 0.0263472 -0.00950348 -0.0173666 0.0269329 0.0313331 0.0259441 0.029593 0.0355243 0.0213119 0.0268673 0.0235151 0.0121393 0.0143678 0.0192086 0.0254885 0.0284789 0.00919544 0.0266695 0.0413546 0.0125239 0.0383076 0.0385052 0.0200033 0.0398315 0.027509 0.0424837
internal_weight=58908.9 33806.2 10526.9 7027.33 3499.54 3899.79 2860.52 23279.3 25102.7 22330.2 21388.9 6734.33 3164.62 14654.6 17091.9 1039.27 3127.54 2319.84 13245.8 1988.43 1176.18 12139.9 3713.81 1105.84 5683.11 3163.96 9094.91 1408.79 7997.04 3509.85
internal_count=174921 104927 37144 26811 10333 16670 12971 67783 69994 65517 60458 17989 9718 42469 51313 3699 10141 7155 38771 5859 3859 35340 9536 3431 14957 8345 28081 3698 23232 8945
is_linear=0
shrinkage=0.05


Tree=13
num_leaves=31
num_cat=0
split_feature=27 28 36 37 37 13 37 1 28 27 24 13 37 37 21 28 40 21 17 37 14 21 9 37 27 51 51 14 21 23
split_gain=680.613 565.925 568.901 413.7 262.268 328.02 228.721 191.9 165.663 162.123 122.938 120.506 118.898 114.287 114.099 112.808 109.823 109.11 107.644 92.6682 92.2894 91.5468 99.1811 90.6489 83.2983 111.202 78.2323 62.3975 79.1571 55.4363
threshold=-0.019255000166594979 0.015025000087916853 0.98665001988410961 0.077950000762939467 -0.36024999618530268 0.22633499652147296 0.015649999491870407 -0.034604603424668305 0.033815000206232078 -0.047244999557733529 0.10766500234603883 0.47436000406742101 0.80164998769760143 0.40974999964237219 12.719999790191652 0.010385000146925451 1.5000000000000002 11.244999885559084 1.0670500397682192 1.1546500325202944 0.93564999103546154 14.989999771118166 1.5000000000000002 0.97025001049041759 0.0063050000462681064 -0.013435000088065861 0.010414999909698965 1.4336499571800234 15.444999694824221 -50.42499923706054
decision_type=2 2 2 2 2 2 2 2 2 2 2 2 2 2 2 2 2 2 2 2 2 2 2 2 2 2 2 2 2 2
left_child=6 2 10 24 15 7 20 -6 13 19 11 16 -10 -5 17 26 -2 -11 -14 -8 -1 23 -23 -16 25 -3 -4 28 -21 -22
right_child=1 3 4 8 5 -7 9 -9 12 14 -12 -13 18 -15 21 -17 -18 -19 -20 27 29 22 -24 -25 -26 -27 -28 -29 -30 -31
leaf_value=0.040133973297551785 0.018022472284461827 0.079516572998767812 -0.0035733577590558348 0.026117343925091064 0.012840560690843683 0.019286082318762863 0.047418974521190302 -0.022105836040426968 0.03906245677841718 0.032851965799237597 0.025101349015453002 0.024187882812712464 0.02061319917609972 0.016232872039315692 0.03966992769020615 0.046294486585028771 0.005272866366728658 0.0068575207300523274 0.03661756573467085 0.0095842883944133438 0.038119150477975018 0.017006688761588812 0.030483535332847013 0.015404340865015478 0.060211413066648047 0.036172256202347118 0.033143485633588481 0.042147438624953432 0.04327961880753068 0.069775087525856636
leaf_weight=1218.2431074529886 3721.2481845617294 161.6639888137579 391.86821731925011 4983.9383542984724 478.82079219818115 885.9665312319994 1937.057574480772 2187.5306583791971 2368.8346785455942 626.78643445670605 5811.6930358856916 3054.0208726078272 3473.1691868454218 7076.6234593242407 2981.6131357103586 326.93633750081062 3092.8432541489601 1134.1160102337599 1506.3001162409782 511.79612846672535 181.16030769050121 1951.6769338548183 4542.9728274196386 441.92067287862301 680.94360095262527 1747.5455913543701 230.35839383304119 640.09722396731377 264.31084524095058 584.57008831202984
leaf_count=2992 11569 293 1552 14602 1775 2861 4546 11129 6309 1730 16974 8913 10172 21986 7693 835 10300 3575 3922 1464 449 5638 12327 1267 1420 4617 675 1549 634 1153
internal_value=0.0242862 0.020881 0.0148342 0.0264281 -0.000833525 -0.00707201 0.0327272 -0.0158302 0.0239233 0.0306213 0.0193322 0.0159346 0.0298413 0.0203176 0.027839 0.0225145 0.0122356 0.0161101 0.0254546 0.0403119 0.0486836 0.0299213 0.0264337 0.0365376 0.0451974 0.0398425 0.0100198 0.0305909 0.0210596 0.0622858
internal_weight=59196.6 42180.3 20181.3 21999 4501.48 3552.32 17016.3 2666.35 19408.9 15032.3 15679.8 9868.11 7348.3 12060.6 11679.1 949.163 6814.09 1760.9 4979.47 3353.26 1983.97 9918.18 6494.65 3423.53 2590.15 1909.21 622.227 1416.2 776.107 765.73
internal_count=174921 129904 66583 63321 18827 15765 45017 12904 56991 40423 47756 30782 20403 36588 32230 3062 21869 5305 14094 8193 4594 26925 17965 8960 6330 4910 2227 3647 2098 1602
is_linear=0
shrinkage=0.05


Tree=14
num_leaves=31
num_cat=0
split_feature=27 28 36 37 45 37 51 28 37 27 37 28 35 35 27 12 13 28 51 27 37 3 12 35 35 35 37 1 37 12
split_gain=620.657 434.863 547.888 425.967 359.787 463.981 189.263 161.029 156.377 146.999 116.078 113.7 104.848 131.456 102.62 100.768 145.701 98.0893 87.2339 98.9139 78.5925 76.2641 72.189 71.1568 99.0664 67.7774 58.7847 52.0974 51.1838 49.5336
threshold=-0.023714999668300148 0.015025000087916853 0.98665001988410961 0.077950000762939467 0.93244999647140514 -0.15554999560117719 0.012085000053048136 0.03781500086188317 0.22854999452829364 -0.010464999824762343 0.72644999623298656 1.0000000180025095e-35 22.500000000000004 2.5000000000000004 -0.047244999557733529 -0.050285000354051583 0.37443000078201299 0.020525000058114532 -0.014324999880045651 0.0055549999233335265 0.80164998769760143 4.9995312690734872 -0.90308502316474903 5.0000000000000009 8.5000000000000018 7.5000000000000009 -0.41744999587535853 1.9072914123535158 1.1546500325202944 -0.10531499981880187
decision_type=2 2 2 2 2 2 2 2 2 2 2 2 2 2 2 2 2 2 2 2 2 2 2 2 2 2 2 2 2 2
left_child=8 2 9 18 -4 6 -6 10 11 12 17 -1 13 -2 22 -11 -17 -5 -3 26 -9 -22 -10 -16 -25 -12 -20 -21 -26 -7
right_child=1 3 4 7 5 29 -8 20 14 15 25 -13 -14 -15 23 16 -18 -19 19 27 21 -23 -24 24 28 -27 -28 -29 -30 -31
leaf_value=0.056012084220958949 0.011337053495848032 0.07709666743456256 0.019968299983844043 0.016228406679890974 0.001983585065285896 -0.0059739678597996969 0.046513417591969364 0.038594100639369161 -0.0018170975615427892 0.017151548246551716 0.022099058553748815 0.035444507939290992 0.013217453728941373 0.028340515956028052 0.015935624092246255 -0.012070829905006474 0.017195772950564261 0.026290161101671934 0.056515765936773155 0.064423171410767269 0.023206677159252093 0.042637867101727026 0.038580540218418967 0.043198814354729664 0.027526803642822076 0.007403775373318152 0.032044431116086673 0.03173548912327042 0.010718838628171832 -0.031101440201513827
leaf_weight=1041.4365441799164 1349.5776572674513 173.65117236971855 1579.8551366478205 4015.5023173987865 1278.0074092894793 227.40501272678375 293.39994429051876 1659.5047993510962 114.74434186518192 6310.6533698886633 1133.8357916325331 1893.9486709237099 2111.4230867177248 7206.4393209218979 1345.5618123710155 801.37433537840843 906.10124334692955 6104.676422342658 282.72380124032497 536.30667328834534 3773.0271612405777 582.99025031924248 3051.3412428796291 978.33619786798954 4188.6618394553661 2547.6891917586327 1859.3428508490324 157.75023032724857 507.85851088166237 1426.0382284522057
leaf_count=2221 4129 313 4767 12258 5104 1102 744 4308 345 19389 3366 4801 6417 20425 3860 2957 2750 17573 575 1075 10625 1428 7415 2405 11331 8337 4991 376 1480 8054
internal_value=0.0229744 0.0202549 0.015479 0.0251696 0.000420159 -0.00915648 0.0102978 0.0225078 0.0325735 0.0193512 0.0195322 0.0427416 0.023196 0.0256585 0.0296435 0.0142359 0.00346 0.0222978 0.0426958 0.0405895 0.0293348 0.0258073 0.0371165 0.0262733 0.0287244 0.0119296 0.0352743 0.0569937 0.0257093 -0.0276456
internal_weight=59439.2 46317.3 23490.3 22827 4804.71 3224.85 1571.41 19817.2 13121.9 18685.6 13801.7 2935.39 10667.4 8556.02 10186.5 8018.13 1707.48 10120.2 3009.77 2836.12 6015.52 4356.02 3166.09 7020.42 5674.86 3681.52 2142.07 694.057 4696.52 1653.44
internal_count=174921 141063 75838 65225 19771 15004 5848 57895 33858 56067 41534 7022 30971 24554 26836 25096 5707 29831 7330 7017 16361 12053 7760 19076 15216 11703 5566 1451 12811 9156
is_linear=0
shrinkage=0.05


Tree=15
num_leaves=31
num_cat=0
split_feature=27 13 12 28 37 37 27 30 37 37 28 12 37 6 27 37 13 28 37 21 21 35 2 21 35 34 23 21 13 28
split_gain=525.501 389.565 675.633 535.607 359.818 250.361 211.913 204.772 160.147 151.33 147.805 134.041 132.932 115.818 112.375 105.638 94.7286 88.8751 87.3028 76.4842 72.2951 70.454 65.6986 63.2292 58.3027 67.6613 61.9659 53.8401 49.384 67.9102
threshold=-0.027555000036954876 0.19478500634431842 -0.1029049977660179 0.010505000129342081 -0.36024999618530268 1.0000000180025095e-35 -0.011135000269860027 0.021794999949634079 -0.23554999381303784 0.26735000312328344 0.039935000240802772 -0.28150500357151026 0.22105000168085101 -0.007521906401962041 -1.0000000180025095e-35 -0.069049999117851243 0.83273500204086315 -0.00051499999244697381 -0.66389998793601979 12.055000305175783 13.555000305175783 29.500000000000004 0.53759193420410167 10.919999599456789 3.5000000000000004 144.50000000000003 -48.965000152587884 13.364999771118166 32.192638397216804 0.085790000855922713
decision_type=2 2 2 2 2 2 2 2 2 2 2 2 2 2 2 2 2 2 2 2 2 2 2 2 2 2 2 2 2 2
left_child=9 2 8 6 22 14 20 -6 -2 17 12 -10 -7 -13 18 -8 -14 -1 -3 23 -4 24 -5 -11 26 -26 -21 -20 29 -12
right_child=1 5 3 4 7 10 15 -9 11 19 28 13 16 -15 -16 -17 -18 -19 27 21 -22 -23 -24 -25 25 -27 -28 -29 -30 -31
leaf_value=0.054797999608441686 0.042030864322189443 0.058245474597052274 -0.019449387567236201 0.031594403206590918 -0.007659501672841503 0.024749931136209009 -0.012217979492442931 0.029862676972890495 0.024726000007843349 0.038635205192735875 0.027758224900642389 0.0072598370418833812 0.014689569482937374 0.021228474233779417 0.054351235785102106 -0.033447730294863247 0.024573693621698478 0.034754332654666167 0.019509756991596988 0.0055263162687657292 0.016456179082927222 0.0027362445655879329 0.068870476313467086 0.0043465687397543171 0.035644880915109194 0.022823400076803259 0.029616730024646432 0.032428298842921845 -0.0026524068499744965 0.046192753683621912
leaf_weight=977.7003179192543 784.63364778459072 268.4768088310957 182.69055780768394 188.12677031755447 966.36237290501595 7748.5095703154802 1288.0641592442989 582.95671138167381 4958.0882138758898 180.65062661468983 3869.8789196312428 3264.4780665040016 11991.649971991777 2720.6094739437103 566.61592178046703 1075.0071042925119 3038.2343686074018 1273.3325473368168 1122.8954074829817 421.63686521351337 602.66054664552212 224.93109811842442 318.03476263582706 525.69951121509075 5027.8140367418528 1293.74682533741 727.51958204805851 2862.6356498897076 117.86951491236687 573.64177531003952
leaf_count=2054 1968 570 728 498 3786 22209 5644 1698 14210 454 10458 10631 36650 8099 1186 5766 8637 3176 3237 1227 2064 667 627 1614 12511 3444 1875 7733 364 1328
internal_value=0.0218804 0.019696 0.0135574 -0.00143663 0.018416 0.0229278 -0.0143976 0.00645883 0.0202106 0.0319468 0.0210753 0.0186461 0.0194302 0.0136095 0.0334338 -0.0218758 0.0166876 0.04346 0.0306477 0.0288622 0.00810373 0.0303075 0.055016 0.013116 0.0311376 0.0330209 0.0207777 0.0287886 0.0292907 0.0301381
internal_weight=59745.2 49092.1 16931.7 5203.9 2055.48 32160.4 3148.42 1549.32 11727.8 10653 27339.8 10943.2 22778.4 5985.09 4820.62 2363.07 15029.9 2251.03 4254.01 8402 785.351 7695.65 506.162 706.35 7470.72 6321.56 1149.16 3985.53 4561.39 4443.52
internal_count=175113 148091 55719 20811 6609 92372 14202 5484 34908 27022 79646 32940 67496 18730 12726 11410 45287 5230 11540 21792 2792 19724 1125 2068 19057 15955 3102 10970 12150 11786
is_linear=0
shrinkage=0.05


Tree=16
num_leaves=31
num_cat=0
split_feature=13 12 13 6 51 16 51 29 51 13 24 40 13 24 40 35 29 24 29 21 29 35 51 24 3 3 7 34 52 23
split_gain=411.786 552.801 408.476 304.262 209.495 241.801 181.708 144.262 133.261 174.728 97.9341 87.2558 80.7491 70.2103 84.5287 67.7224 62.2855 60.6438 60.3146 51.8879 50.9449 50.0926 44.9187 50.1921 43.7002 42.7022 42.4151 41.4876 40.7362 40.3542
threshold=0.59062498807907116 -0.10656499862670897 0.097805000841617598 0.0051898490637540826 -0.010914999991655348 0.97894999384880077 0.011805000249296429 -0.034804999828338616 -0.012624999973922966 0.23729499429464343 0.12274999916553499 1.5000000000000002 2.0492949485778813 0.37071500718593603 2.5000000000000004 10.500000000000002 0.085395000874996199 -0.33476500213146204 -0.030565000139176842 11.525000095367433 -0.020885000005364415 2.5000000000000004 -0.015225000213831661 -0.045855000615119927 3.5586532354354863 0.012099649757146837 18.035770416259769 138.50000000000003 4.5000000000000009 58.014999389648445
decision_type=2 2 2 2 2 2 2 2 2 2 2 2 2 2 2 2 2 2 2 2 2 2 2 2 2 2 2 2 2 2
left_child=1 7 4 15 22 20 -7 24 28 -10 12 17 16 14 -13 -4 26 -9 -12 -15 -6 -20 -3 -24 -1 -14 -2 -19 -5 -17
right_child=10 2 3 8 5 6 -8 11 9 -11 18 13 25 19 -16 29 -18 27 21 -21 -22 -23 23 -25 -26 -27 -28 -29 -30 -31
leaf_value=0.03052115887976007 -0.074446460925519028 0.064218984120897077 0.03827988198573859 0.026455254594080019 0.055093320606139966 -0.025665870017172906 0.02577330579865399 0.030551880326828297 -0.0034013465979727195 0.012732829920636984 0.044727977971067145 0.01340978214101456 0.015508579073817183 0.058646354294570748 0.026337007828608858 0.016155440996991576 0.04094639595944783 0.024211416408521758 0.0096336970825997691 0.025333582862482135 0.010757447125889431 0.033078128341983259 0.0467148790872918 -0.0094599347001819833 0.054579227526700407 0.03863454042409236 0.023290088189362134 0.018549460435304848 0.062049084946910985 0.03147753024100166
leaf_weight=3160.7408064305782 11.111747100949286 91.498800590634346 1091.9436731934547 198.52569638192654 74.173146620392799 1683.5041966587305 191.17849808931351 2378.9644169509411 2240.8512389212847 6681.5071355104446 1088.8729559034109 6967.817578792572 230.23152521252632 141.76609590649605 1544.9191182106733 1045.2423532307148 517.03143069148064 7883.3109852969646 257.49825842678547 666.2062990218401 512.36536060273647 1978.3034745454788 84.490762069821358 75.116479143500328 200.74488432705402 1501.0211847573519 11075.812503889203 5487.5005279630423 135.07844646275043 729.74560683965683
leaf_count=8034 53 194 2969 544 172 8131 558 6492 8858 20325 2516 21173 618 334 4378 3158 1235 22078 746 1847 1826 5074 253 277 429 3723 30727 16033 315 2043
internal_value=0.0207208 0.0181489 0.0103249 0.0142493 -0.00721549 -0.011654 -0.0204201 0.0222313 0.00984081 0.00868073 0.0274002 0.0209272 0.0254861 0.0170928 0.0157559 0.0284822 0.0239832 0.0231964 0.0350778 0.0311786 0.0163641 0.030378 0.0362888 0.0202771 0.0319579 0.0355591 0.0231921 0.0218877 0.0408674 0.0224548
internal_weight=59927.1 43267.2 14835.2 12122.9 2712.33 2461.22 1874.68 28432 9255.96 8922.36 16659.9 25070.5 13335.2 9320.71 8512.74 2866.93 11604 15749.8 3324.67 807.972 586.539 2235.8 251.106 159.607 3361.49 1731.25 11086.9 13370.8 333.604 1774.99
internal_count=175113 130421 49623 38212 11411 10687 8689 80798 30042 29183 44692 72335 36356 27732 25551 8170 32015 44603 8336 2181 1998 5820 724 530 8463 4341 30780 38111 859 5201
is_linear=0
shrinkage=0.05


end of trees

feature_importances:
Column_37=118
Column_28=64
Column_27=40
Column_13=38
Column_35=28
Column_21=27
Column_12=20
Column_51=19
Column_29=18
Column_36=14
Column_40=14
Column_45=14
Column_9=8
Column_24=8
Column_7=7
Column_15=7
Column_30=7
Column_1=6
Column_6=6
Column_23=5
Column_3=4
Column_8=4
Column_31=4
Column_14=3
Column_22=3
Column_25=3
Column_34=3
Column_48=3
Column_49=3
Column_2=2
Column_16=2
Column_52=2
Column_0=1
Column_17=1
Column_33=1
Column_43=1
Column_44=1
Column_54=1

parameters:
[boosting: gbdt]
[objective: binary]
[metric: auc]
[tree_learner: serial]
[device_type: cpu]
[data_sample_strategy: bagging]
[data: ]
[valid: ]
[num_iterations: 300]
[learning_rate: 0.05]
[num_leaves: 31]
[num_threads: 0]
[seed: 2]
[deterministic: 0]
[force_col_wise: 0]
[force_row_wise: 0]
[histogram_pool_size: -1]
[max_depth: 6]
[min_data_in_leaf: 20]
[min_sum_hessian_in_leaf: 0.001]
[bagging_fraction: 0.8]
[pos_bagging_fraction: 1]
[neg_bagging_fraction: 1]
[bagging_freq: 5]
[bagging_seed: 29216]
[bagging_by_query: 0]
[feature_fraction: 0.8]
[feature_fraction_bynode: 1]
[feature_fraction_seed: 17795]
[extra_trees: 0]
[extra_seed: 19650]
[early_stopping_round: 0]
[early_stopping_min_delta: 0]
[first_metric_only: 0]
[max_delta_step: 0]
[lambda_l1: 0]
[lambda_l2: 0]
[linear_lambda: 0]
[min_gain_to_split: 0]
[drop_rate: 0.1]
[max_drop: 50]
[skip_drop: 0.5]
[xgboost_dart_mode: 0]
[uniform_drop: 0]
[drop_seed: 24198]
[top_rate: 0.2]
[other_rate: 0.1]
[min_data_per_group: 100]
[max_cat_threshold: 32]
[cat_l2: 10]
[cat_smooth: 10]
[max_cat_to_onehot: 4]
[top_k: 20]
[monotone_constraints: ]
[monotone_constraints_method: basic]
[monotone_penalty: 0]
[feature_contri: ]
[forcedsplits_filename: ]
[refit_decay_rate: 0.9]
[cegb_tradeoff: 1]
[cegb_penalty_split: 0]
[cegb_penalty_feature_lazy: ]
[cegb_penalty_feature_coupled: ]
[path_smooth: 0]
[interaction_constraints: ]
[verbosity: -1]
[saved_feature_importance_type: 0]
[use_quantized_grad: 0]
[num_grad_quant_bins: 4]
[quant_train_renew_leaf: 0]
[stochastic_rounding: 1]
[linear_tree: 0]
[max_bin: 255]
[max_bin_by_feature: ]
[min_data_in_bin: 3]
[bin_construct_sample_cnt: 200000]
[data_random_seed: 45]
[is_enable_sparse: 1]
[enable_bundle: 1]
[use_missing: 1]
[zero_as_missing: 0]
[feature_pre_filter: 1]
[pre_partition: 0]
[two_round: 0]
[header: 0]
[label_column: ]
[weight_column: ]
[group_column: ]
[ignore_column: ]
[categorical_feature: ]
[forcedbins_filename: ]
[precise_float_parser: 0]
[parser_config_file: ]
[objective_seed: 29484]
[num_class: 1]
[is_unbalance: 0]
[scale_pos_weight: 2.61721]
[sigmoid: 1]
[boost_from_average: 1]
[reg_sqrt: 0]
[alpha: 0.9]
[fair_c: 1]
[poisson_max_delta_step: 0.7]
[tweedie_variance_power: 1.5]
[lambdarank_truncation_level: 30]
[lambdarank_norm: 1]
[label_gain: ]
[lambdarank_position_bias_regularization: 0]
[eval_at: ]
[multi_error_top_k: 1]
[auc_mu_weights: ]
[num_machines: 1]
[local_listen_port: 12400]
[time_out: 120]
[machine_list_filename: ]
[machines: ]
[gpu_platform_id: -1]
[gpu_device_id: -1]
[gpu_use_dp: 0]
[num_gpu: 1]

end of parameters

pandas_categorical:null
