tree
version=v4
num_class=1
num_tree_per_iteration=1
label_index=0
max_feature_idx=57
objective=binary sigmoid:1
feature_names=Column_0 Column_1 Column_2 Column_3 Column_4 Column_5 Column_6 Column_7 Column_8 Column_9 Column_10 Column_11 Column_12 Column_13 Column_14 Column_15 Column_16 Column_17 Column_18 Column_19 Column_20 Column_21 Column_22 Column_23 Column_24 Column_25 Column_26 Column_27 Column_28 Column_29 Column_30 Column_31 Column_32 Column_33 Column_34 Column_35 Column_36 Column_37 Column_38 Column_39 Column_40 Column_41 Column_42 Column_43 Column_44 Column_45 Column_46 Column_47 Column_48 Column_49 Column_50 Column_51 Column_52 Column_53 Column_54 Column_55 Column_56 Column_57
feature_infos=[0:1.3644460439682007] [-0.99012935161590576:239.7069091796875] [0.0039525693282485008:1] [7.114709177358236e-08:5] [2:7] [-5735.447265625:7661.1708984375] [-0.99347084760665894:2.5468719005584717] [0:100] [-0.99558472633361816:238.05445861816406] [0:6] none [-1:1] [-0.99594002962112427:0.19997000694274902] [-0.10000000149011612:284.39877319335938] [0:10] [-0.010200000368058681:5] [-0.018899999558925629:5] [-0.010200000368058681:5] [-0.018899999558925629:5] none none [10.199999809265137:29.329999923706055] [0:50] [-100:78.80999755859375] [-0.99399000406265259:0.99594002962112427] [0:5] [0:1] [-0.15000000596046448:0.15000000596046448] [-0.15000000596046448:0.15000000596046448] [-0.99559998512268066:224.81817626953125] [-0.99576002359390259:209.51087951660156] [-0.99592000246047974:227.99424743652344] [-1:1] [-4.3401999473571777:5] [0:251] [0:32] [0:1] [-5:5] [0:1] [0:4.041100025177002] [0:3] [0:1] none [0:9] [-3.2135999202728271:2.0687999725341797] [0.10000000149011612:10] [0:1] [0:1] [0.10000000149011612:20] [0:0.99599999189376831] [0:3] [-0.10000000149011612:0.10000000149011612] [1:5] [0:1] [0.52990001440048218:2.5810999870300293] [-1:0.81970000267028809] [0:1] [0:1]
tree_sizes=3099 3250 3271 3070 3294 2939 3353 3301 2970 3406 3099 3416 3314 3414 2887 3271 2964 3207

Tree=0
num_leaves=29
num_cat=0
split_feature=36 13 53 28 37 24 55 28 9 7 8 54 37 6 21 28 16 39 53 16 55 6 54 55 0 9 1 0
split_gain=865.37 210.623 161.435 126.266 115.595 111.361 90.4861 84.787 49.5004 44.3871 42.1681 32.71 32.3886 32.5636 31.22 33.0912 28.4518 26.0012 60.5923 23.577 21.209 18.9243 12.4995 11.4149 6.52849 9.17802 4.3779 1.42109e-14
threshold=0.91854998469352733 0.87485998868942272 0.096500001847744002 0.010835000313818456 -0.12880000472068784 0.010269999969750645 -0.12754999846220014 0.0029950001044198875 2.5000000000000004 77.476799011230483 -0.046599000692367547 0.99934998154640209 -0.91504999995231617 0.076384093612432494 14.105000019073488 0.012114999815821649 1.2181500196456911 0.15720000118017199 0.91824999451637279 0.96654999256134044 -0.060149999335408204 1.0000000180025095e-35 0.80215001106262218 -0.16014999896287915 0.58375108242034923 1.5000000000000002 -0.24801547825336454 0.4553679376840592
decision_type=2 2 2 2 2 2 2 2 2 2 2 2 2 2 2 2 2 2 2 2 2 2 2 2 2 2 2 2
left_child=1 2 10 5 7 6 -4 -2 9 -5 22 -7 -9 21 -12 -16 17 23 -19 -6 -10 -14 -1 -3 25 -18 -24 -21
right_child=4 16 3 8 19 11 -8 12 20 -11 14 -13 13 -15 15 -17 24 18 -20 27 -22 -23 26 -25 -26 -27 -28 -29
leaf_value=-1.4230503026246619 -1.4018096837206921 -1.3202347779992383 -1.4706280062261428 -1.4398552718158539 -1.5338705924150053 -1.4990599654002918 -1.6193827630237914 -1.4380024400968265 -1.4733731158708918 -1.5899104628593843 -1.3774163577389766 -1.3789190460951568 -1.5382678343534026 -1.4766226105116051 -1.6054858924285458 -1.4059491454876856 -1.3244862615216397 -1.5742691371210231 -1.3500879687473022 -1.6610182064387176 -1.3611219593443682 -1.6610182064387176 -1.35456230914181 -1.3964425049420437 -1.3118537392830973 -1.3845531742901991 -1.3104925867409252 -1.6610182064387176
leaf_weight=4.1666582822799709 8.606756389141081 8.7286897301673871 14.321693420410154 16.81222498416901 3.8991330862045279 12.244278907775881 35.721882224082947 3.3345095515251151 5.284076094627383 6.9720320701599112 8.7405189871788043 10.544493675231932 4.0388103127479651 4.0328956842422476 4.4637566208839399 3.8873038291931152 13.995021939277651 5.7149370312690717 6.3778353929519653 45.953807532787323 20.664041042327881 14.107399880886076 9.7064303159713781 11.242879807949068 17.038347780704498 11.655996859073637 13.436313033103939 10.196437537670134
leaf_count=14 26 15 59 61 20 56 232 12 22 42 23 28 21 17 28 12 25 33 14 329 49 101 22 33 27 32 21 73
internal_value=-1.48242 -1.43233 -1.46356 -1.49315 -1.611 -1.53509 -1.57681 -1.53751 -1.43174 -1.48384 -1.38188 -1.44347 -1.58329 -1.60514 -1.44347 -1.5126 -1.36258 -1.39817 -1.45603 -1.65276 -1.38398 -1.6337 -1.34333 -1.36314 -1.33585 -1.35178 -1.32898 -1.66102
internal_weight=335.889 241.719 166.966 122.565 94.1697 72.8323 50.0436 34.1204 49.7324 23.7843 44.401 22.7888 25.5136 22.1791 17.0916 8.35106 74.7537 32.0643 12.0928 60.0494 25.9481 18.1462 27.3094 19.9716 42.6894 25.651 23.1427 56.1502
internal_count=1447 848 669 549 599 375 291 177 174 103 120 84 151 139 63 40 179 95 47 422 71 122 57 48 84 57 43 402
is_linear=0
shrinkage=1


Tree=1
num_leaves=30
num_cat=0
split_feature=52 38 31 23 24 52 33 43 22 37 39 23 28 6 2 33 50 1 37 30 23 44 6 30 1 27 16 37 53
split_gain=540.457 183.613 177.068 126.217 80.4772 52.9196 48.4981 33.4256 48.9698 31.1499 28.4705 28.3706 32.0352 41.71 25.8588 26.7792 23.1575 22.6419 21.5969 21.0184 70.0609 28.525 19.8101 16.0267 8.43282 7.99348 4.54887 6.44578 1.60368
threshold=4.5000000000000009 1.0000000180025095e-35 0.055460000410676009 17.10999965667725 0.0060250000096857556 1.5000000000000002 0.84049999713897716 2.5000000000000004 4.629850149154664 -0.37825000286102289 0.3294499963521958 -86.279998779296861 0.0083650001324713247 0.10315847396850587 0.095507752150297179 0.018150000832974914 1.0000000180025095e-35 -0.020673757418990132 -0.19659999758005139 0.11663499847054483 -65.955001831054673 0.46044999361038214 0.087693333625793471 0.040959998965263374 -0.14893529564142224 0.0028399999719113116 1.0410500168800356 -0.59295001626014698 0.86160001158714306
decision_type=2 2 2 2 2 2 2 2 2 2 2 2 2 2 2 2 2 2 2 2 2 2 2 2 2 2 2 2 2
left_child=1 5 3 6 17 19 9 8 16 -3 -10 -4 13 -13 -5 -16 -7 -2 -6 20 21 -1 26 -14 -22 -21 27 -19 -27
right_child=4 2 11 14 18 7 -8 -9 10 -11 -12 12 23 -15 15 -17 -18 22 -20 25 24 -23 -24 -25 -26 28 -28 -29 -30
leaf_value=-0.018413073386149746 0.055639400473755631 0.077409074576601691 0.010929401039372146 0.044890487050410773 0.15428931912075552 0.070020936556908012 0.16686214210007114 0.20031390906868951 -0.060993771132480203 -0.052532795339698159 0.095137750134970875 0.19947880596516265 0.23574876617886226 0.059784568586790758 0.070446204227111592 0.20403807127657775 0.17292638282510409 0.010952546216394571 0.0075939806051785732 0.18193127214655105 0.17083658133567745 0.14705627687571679 0.06504856151357459 0.16524453059625338 0.21654374812400223 0.24094766786818056 -0.00077902336016024993 -0.059700285899294374 0.21975503037115041
leaf_weight=5.790575444698332 6.3827606141567221 5.3613775968551627 3.4306133538484564 7.00184337794781 8.0235751271247846 7.5186941921710995 3.2474930584430686 13.220999673008917 5.4327502250671369 33.001598820090294 6.3123620599508286 8.529535725712778 11.649913623929022 14.305182069540022 5.6442916542291668 11.18489997088909 20.035524994134903 3.4576864987611762 3.6505207717418662 12.146989479660986 15.929026260972021 4.7337127476930618 3.9357155710458747 26.15988202393055 27.534961715340614 15.510236844420431 4.1767706573009482 48.632053181529045 21.030303373932838
leaf_count=35 32 24 19 35 24 33 9 29 37 234 25 19 19 67 26 25 53 20 22 27 40 14 19 72 50 21 26 358 33
internal_value=0.103698 0.135685 0.0917313 0.0338824 -0.0126747 0.172366 -0.0186675 0.131543 0.108407 -0.0343729 0.0229185 0.150814 0.158727 0.111965 0.125638 0.159233 0.144847 -0.0339053 0.108417 0.193248 0.171765 0.0560133 -0.043399 0.186968 0.199793 0.21707 -0.0509847 -0.0550104 0.228751
internal_weight=362.972 284.713 129.517 65.4415 78.2591 155.196 41.6105 52.5203 39.2993 38.363 11.7451 64.0751 60.6445 22.8347 23.831 16.8292 27.5542 66.585 11.6741 102.676 53.9883 10.5243 60.2022 37.8098 43.464 48.6875 56.2665 52.0897 36.5405
internal_count=1447 946 549 353 501 397 267 177 148 258 62 196 177 86 86 51 86 455 46 220 139 49 423 91 90 81 404 378 54
is_linear=0
shrinkage=0.05


Tree=2
num_leaves=30
num_cat=0
split_feature=36 13 37 53 52 7 13 7 24 23 5 27 43 34 49 53 25 1 13 55 1 0 13 7 18 23 1 18 31
split_gain=505.423 99.7379 97.6127 87.4907 70.2592 59.4211 46.1288 51.6571 37.4994 31.5126 25.2578 22.1555 23.8093 18.0457 16.2272 11.4441 21.6708 24.8279 22.5835 7.18843 3.58882 2.6084 2.09003 0.00167391 0.00138418 0.00110357 0.000495174 0.000334163 0.000256127
threshold=0.91854998469352733 0.87485998868942272 -0.12880000472068784 0.096500001847744002 4.5000000000000009 87.256061553955092 0.0049050000961869964 84.502883911132827 0.0026999999536201362 35.334999084472663 -0.74475467205047596 -0.019875000230967995 1.0000000180025095e-35 2.5000000000000004 0.54459998011589061 0.90690001845359813 0.44320000708103185 1.4242887496948244 1.0455050468444826 -0.16255000233650205 -0.24801547825336454 0.47288294136524206 2.8764449357986455 72.861667633056655 0.96875000000000011 -94.735000610351548 -0.014517599716782568 1.019149959087372 0.051614999771118171
decision_type=2 2 2 2 2 2 2 2 2 2 2 2 2 2 2 2 2 2 2 2 2 2 2 2 2 2 2 2 2
left_child=1 3 5 11 6 8 10 -8 -2 24 -5 20 -13 -7 -10 16 19 18 -18 -3 -1 -17 -23 -6 -4 27 -26 -15 -28
right_child=2 15 9 4 23 13 7 -9 14 -11 -12 12 -14 25 -16 21 17 -19 -20 -21 -22 22 -24 -25 26 -27 28 -29 -30
leaf_value=0.1619625191659429 0.0099861602846010623 0.19280376448435854 -0.060223303771845829 -0.03636364563395126 -0.061239751966411987 0.066800118017534563 0.1106599419964463 -0.026970122757776951 0.07913562781911114 0.11020103925612185 0.10764430402175747 0.052585639177965007 0.15971816312978268 -0.058988419588085907 0.18801802572863185 0.16271964790821217 0.13170046832258006 0.18389099458894936 -0.015583608245147821 0.14575332496468205 0.19533381154452387 0.18064280982321812 0.2052459010884424 -0.059770005746987633 -0.059680796902880279 -0.060438798439753819 -0.059014869138893158 -0.059661956614496907 -0.059517737964039946
leaf_weight=13.117022186517714 6.9577041119337109 19.167221814393997 2.8151561617851248 10.017062887549399 3.263417035341261 3.8862009942531577 111.08042065799236 7.263610064983367 5.2378338128328314 2.8957649916410437 4.3745174556970587 8.510031923651697 13.277811691164969 4.2612922787666294 9.8701169639825803 10.848999217152594 5.0661568939685839 5.9742715060710898 5.3523982465267181 14.082270130515097 20.882617264986038 21.085704311728477 14.615148127079008 4.7671891152858734 3.2551961690187445 2.825735107064248 44.765321791172028 3.2429524064064026 2.6839450001716605
leaf_count=27 39 26 20 64 22 19 366 46 21 12 16 35 30 33 21 20 14 10 31 31 28 31 16 35 24 20 346 24 20
internal_value=0.0924438 0.124662 -0.00930502 0.104246 0.0832451 0.0546749 0.0919338 0.102213 0.106035 -0.0504518 0.00740954 0.157235 0.117874 -0.0250442 0.150269 0.16638 0.14968 0.102631 0.0560352 0.172876 0.182459 0.18419 0.190715 -0.0603673 -0.0591442 -0.0595966 -0.0590842 -0.0592795 -0.0590433
internal_weight=385.443 292.746 92.6972 196.554 140.766 36.2818 132.736 118.344 22.0657 56.4154 14.3916 55.7875 21.7878 14.2162 15.108 96.1922 49.6423 16.3928 10.4186 33.2495 33.9996 46.5499 35.7009 8.03061 53.5196 10.33 50.7045 7.50424 47.4493
internal_count=1447 848 599 669 549 177 492 412 81 422 80 120 65 96 42 179 112 55 45 57 55 67 47 57 410 77 390 57 366
is_linear=0
shrinkage=0.05


Tree=3
num_leaves=28
num_cat=0
split_feature=36 37 40 16 7 16 12 44 52 2 39 34 43 16 51 38 55 45 37 33 22 24 3 7 1 6 54
split_gain=407.669 88.5699 77.3181 57.4484 49.5667 41.0232 39.3561 46.0535 37.4902 35.4697 24.0085 22.9431 30.9864 20.9741 18.0525 12.0384 18.497 5.82377 5.19595 4.3367 3.77965 5.53202 5.37199 0.00230355 0.000868202 0.000192789 0.000141809
threshold=0.91854998469352733 -0.12880000472068784 1.0000000180025095e-35 1.1492000222206118 80.156421661376967 0.92289999127388012 -0.30195499956607813 0.42774999141693121 4.5000000000000009 0.84200125932693493 0.042849998921155937 3.5000000000000004 2.5000000000000004 0.96654999256134044 -0.0022249999456107612 1.0000000180025095e-35 -0.17889999598264691 5.3224499225616464 0.28950001299381262 1.3625500202178957 2.5618000030517583 -0.017054999247193333 1.7880154252052309 95.958652496337905 -0.014517599716782568 0.085212294012308135 0.86004999279975902
decision_type=2 2 2 2 2 2 2 2 2 2 2 2 2 2 2 2 2 2 2 2 2 2 2 2 2 2 2
left_child=2 4 6 5 11 15 -1 10 9 -7 -8 -2 -13 -3 -6 19 -17 -12 -10 -4 21 -5 -22 -16 -15 26 -26
right_child=1 13 3 20 14 8 7 -9 18 -11 17 12 -14 24 23 16 -18 -19 -20 -21 22 -23 -24 -25 25 -27 -28
leaf_value=0.12346915746436889 0.15504506549980077 0.05856584171575089 0.14060859529617109 0.16122966088682722 0.046512007217563302 0.11092413572946765 0.072964947762254082 0.11104345439485573 -0.060634518393684056 0.046123251057136799 -0.062064692152367019 -0.023170825103202373 0.14775919840799576 -0.059352686811782268 -0.060440043363194335 0.15621300839894176 0.043712423717074039 0.01268768269259081 0.028802066360877683 0.17319221293651174 0.17752115594019607 0.11442281680880109 0.14441676505429404 -0.058880747591490201 -0.058860492964278602 -0.058977196893148391 -0.058507654343163344
leaf_weight=13.117529585957525 10.168328523635866 4.1322041898965827 21.39544603228569 15.031898632645609 6.9303964897990253 99.807523354887962 5.4095503240823772 9.8207563906908018 3.9660205990076056 26.784133940935135 13.806580662727358 6.1577887684106809 4.6562860459089279 3.697884574532508 4.5187466591596586 7.7782915383577347 6.890250548720358 3.2115975916385642 2.7499855011701584 19.53604494035244 32.260141983628273 10.882653266191481 19.761628970503807 4.9776009991765022 3.0602803751826277 2.5758829787373534 40.989533253014088
leaf_count=35 24 20 40 19 37 285 20 27 28 107 91 34 11 28 32 14 29 15 15 26 39 25 33 39 24 20 330
internal_value=0.0835535 -0.00903171 0.110796 0.121055 0.0502023 0.106154 0.0504496 0.0207478 0.0911063 0.0972136 -0.0187913 0.101127 0.0504276 -0.0497233 -0.0148448 0.142233 0.103368 -0.0479577 -0.0240132 0.15616 0.157174 0.141573 0.164946 -0.0596227 -0.0586152 -0.0585568 -0.0585322
internal_weight=404.075 91.8649 312.21 266.844 37.4091 188.908 45.366 32.2485 133.308 126.592 22.4277 20.9824 10.8141 54.4558 16.4267 55.6 14.6685 17.0182 6.71601 40.9315 77.9363 25.9146 52.0218 9.49635 50.3236 46.6257 44.0498
internal_count=1447 599 848 660 177 544 188 153 435 392 126 69 45 422 108 109 43 106 43 66 116 44 72 71 402 374 354
is_linear=0
shrinkage=0.05


Tree=4
num_leaves=30
num_cat=0
split_feature=36 37 40 30 44 7 37 21 12 44 53 53 23 39 24 6 34 14 16 27 1 45 14 51 16 7 51 1 6
split_gain=335.614 80.6603 61.1206 50.1738 60.432 42.3771 33.4792 41.9282 32.0283 39.1963 29.599 40.2787 28.2097 21.6499 21.2359 20.9434 20.7839 12.6113 7.37615 20.4267 20.5107 5.59222 3.73862 2.12358 0.00441789 0.00105365 0.000347037 0.000345651 0.000187732
threshold=0.91854998469352733 -0.12880000472068784 1.0000000180025095e-35 0.07745500281453134 -0.0047999999951571217 87.256061553955092 0.16799999773502353 11.22499990463257 -0.30195499956607813 0.42774999141693121 0.82524999976158153 0.74684998393058788 35.334999084472663 0.042849998921155937 0.012614999897778036 0.076384093612432494 213.50000000000003 1.4549499750137331 1.1094499826431277 -0.0076699999626725903 0.70985934138298046 5.3224499225616464 0.58990001678466808 0.00030500000866595661 0.96875000000000011 95.958652496337905 -0.0016300000133924184 -0.014517599716782568 0.085212294012308135
decision_type=2 2 2 2 2 2 2 2 2 2 2 2 2 2 2 2 2 2 2 2 2 2 2 2 2 2 2 2 2
left_child=2 5 8 4 16 10 14 -8 -1 13 11 -2 24 -10 -6 25 17 -4 19 -5 -21 -15 -20 -24 -3 -7 -27 -26 -29
right_child=1 12 3 18 6 15 7 -9 9 -11 -12 -13 -14 21 -16 -17 -18 -19 22 20 -22 -23 23 -25 27 26 -28 28 -30
leaf_value=0.10997641490357857 0.040654187041077615 -0.060123659239355677 0.11114314488977416 0.15609169084833302 0.068570999646652406 -0.059615021541327445 0.12127706013047615 -0.025004955758204352 0.066564278563240209 0.099589860812324557 -0.017794303668385327 0.18558038687780626 0.097222831645330174 -0.061349766008199663 0.15245696932195599 0.084180510172410489 0.054223459177100301 0.15279697622997906 0.12265718789146712 0.020802560327847969 0.14167318941324364 0.01196701461283221 0.16500450461756042 0.14224304001369531 -0.058595123277356199 -0.058982176198611416 -0.058261940186909181 -0.058014722366746312 -0.05846340023507033
leaf_weight=13.966611430048941 9.3718976527452522 2.7911482974886885 39.843494579195976 13.233271673321726 47.774414017796516 3.3394097313284856 6.6099691838026073 18.91906114667654 5.6272609233856228 10.386860921978949 5.3923697322607032 9.8154036998748762 3.103068307042121 13.282376661896707 8.9593940973281843 3.3906940370798102 10.280835092067717 33.407938256859779 21.713796198368073 8.586001902818678 5.9364614039659491 3.2341550588607779 12.624042138457297 54.427218168973923 2.9980131164193144 2.7094155997037861 4.3701554387807873 41.184719778597355 2.4712425619363776
leaf_count=35 39 20 88 20 161 25 17 102 20 27 29 13 12 91 14 14 37 48 37 36 12 15 14 74 24 21 36 346 20
internal_value=0.0762504 -0.00876493 0.0997625 0.108511 0.0908402 0.0463287 0.0604213 0.0128703 0.0466443 0.0194534 0.085705 0.114792 -0.0490139 -0.0181357 0.0818183 -0.0237565 0.120797 0.13014 0.133654 0.111157 0.0702118 -0.0469934 0.140689 0.146528 -0.0581914 -0.0588829 -0.0585376 -0.0580758 -0.0580401
internal_weight=419.751 90.9375 328.813 282.316 165.795 38.3893 82.2628 25.529 46.4973 32.5307 24.5797 19.1873 52.5482 22.1438 56.7338 13.8097 83.5323 73.2514 116.521 27.7557 14.5225 16.5165 88.7651 67.0513 49.4451 10.419 7.07957 46.654 43.656
internal_count=1447 599 848 660 467 177 294 119 188 153 81 52 422 126 175 96 173 136 193 68 48 106 125 88 410 82 57 390 366
is_linear=0
shrinkage=0.05


Tree=5
num_leaves=27
num_cat=0
split_feature=13 18 49 2 37 5 18 34 37 38 37 21 25 31 15 35 6 21 6 37 53 1 13 48 38 2
split_gain=222.489 194.487 54.1787 45.5436 44.6335 50.2436 35.6648 35.5923 31.5753 27.8894 36.1257 23.4613 18.6058 27.7558 16.9775 13.273 21.8268 12.8117 11.9104 9.88505 24.2755 23.5707 6.09051 4.61071 4.13023 3.66576
threshold=0.26003499329090124 0.95605000853538524 0.22269999980926516 0.031939309090375907 -1.1557999849319456 21.609351158142093 1.0593499541282656 215.50000000000003 0.036600001156330116 1.0000000180025095e-35 0.12454999983310701 21.519999504089359 1.0186500549316408 -0.014969999901950358 0.99985000491142284 15.500000000000002 -0.10204871743917464 13.965000152587892 -1.0000000180025095e-35 -0.63409999012947071 0.88774999976158153 0.4150844961404801 0.75303500890731823 0.18635000288486483 1.0000000180025095e-35 0.55138340592384349
decision_type=2 2 2 2 2 2 2 2 2 2 2 2 2 2 2 2 2 2 2 2 2 2 2 2 2 2
left_child=1 7 -2 18 -5 11 9 15 -9 12 14 -6 13 -4 -11 16 17 -1 -3 22 21 -21 -8 -12 -22 -24
right_child=2 3 6 4 5 -7 19 8 -10 10 23 -13 -14 -15 -16 -17 -18 -19 -20 20 24 -23 25 -25 -26 -27
leaf_value=0.088036961725590446 -0.032731447248700078 0.025964754218170051 0.1289239401631482 0.11801103481552769 -0.043730670347475631 0.11774897932869466 0.1034409968749474 -0.064558826733062735 0.086616392895377814 0.12932606208409023 -0.062738348542813988 0.095916841009232909 0.1398669410708358 0.0093576456790530876 0.033734468694524601 0.1431303179906635 0.12594255659465423 -0.00072545567256751434 0.12617606885415317 0.12558007258540421 0.12110064324912728 0.051262633931112356 0.16709668936173086 0.010154492948464612 0.15481560047835133 0.13310641095384998
leaf_weight=9.3441311120986956 7.3385331332683554 5.4810146689414978 9.7033717334270495 5.3308968245983115 90.368024908006191 5.4019468873739234 15.717060595750807 6.0938949733972532 7.9733065515756607 8.7214429751038605 6.789709344506262 3.1111898496747008 17.822122596204281 9.7115576416254026 9.9373204410076124 19.70210936665535 21.343446418642998 7.1959012895822516 6.4593548551201803 17.868754655122757 20.340743884444237 26.480088114738464 9.3852078020572645 3.1879967302083969 16.414053052663803 51.235826969146729
leaf_count=22 36 27 12 12 666 15 35 36 21 17 44 12 32 40 40 30 37 29 19 37 31 82 11 14 19 64
internal_value=0.068048 0.0276441 0.100946 -0.0123194 -0.0229173 -0.0305151 0.105339 0.0924267 0.0211275 0.0744478 0.0373488 -0.0390829 0.102978 0.0691156 0.0784157 0.109844 0.0925326 0.04942 0.0801758 0.118264 0.106109 0.0812061 0.131178 -0.0394482 0.136157 0.138369
internal_weight=418.459 187.805 230.654 116.152 104.212 98.8812 223.315 71.6528 14.0672 65.8735 28.6365 93.4792 37.2371 19.4149 18.6588 57.5856 37.8835 16.54 11.9404 157.442 81.1036 44.3488 76.3381 9.97771 36.7548 60.621
internal_count=1440 926 514 751 705 693 478 175 57 199 115 678 84 52 57 118 88 51 46 279 169 119 110 58 50 75
is_linear=0
shrinkage=0.05


Tree=6
num_leaves=31
num_cat=0
split_feature=36 13 37 7 44 53 26 34 16 7 6 23 53 14 23 54 23 53 35 51 44 14 5 14 21 29 27 54 31 6
split_gain=247.475 67.6636 59.364 54.0181 52.3207 47.062 39.7025 50.2142 36.1236 28.0538 27.0811 21.7381 20.0962 13.3135 17.1152 12.9077 11.6217 9.51286 20.1144 9.47579 8.45448 8.29973 7.49189 5.04474 3.75253 5.1113 6.25202 0.4523 0.056989 0.017492
threshold=0.91854998469352733 0.73606997728347789 -0.12880000472068784 74.746448516845717 0.21474999934434894 0.82524999976158153 0.14790000021457675 209.50000000000003 0.90745002031326305 87.590118408203139 0.17028849571943286 35.334999084472663 0.74684998393058788 1.0546000003814699 -70.504997253417955 0.92045000195503246 -75.604999542236314 0.82934999465942394 21.500000000000004 0.004624999826774002 0.3919499963521958 0.74595001339912426 2.9184092283248906 1.0717000365257265 12.065000057220461 0.072170000523328795 -0.0074299999978393308 0.99369999766349804 0.070920001715421691 -0.17891726642847058
decision_type=2 2 2 2 2 2 2 2 2 2 2 2 2 2 2 2 2 2 2 2 2 2 2 2 2 2 2 2 2 2
left_child=1 3 5 6 28 9 7 8 -1 12 19 -4 15 14 -8 -2 24 18 -18 -6 -12 -19 -15 -11 -3 26 -26 -27 -5 -9
right_child=2 16 11 4 10 -7 13 29 -10 23 20 -13 -14 22 -16 -17 17 21 -20 -21 -22 -23 -24 -25 25 27 -28 -29 -30 -31
leaf_value=0.11397152512559057 0.095755125141766304 0.14554596436419584 -0.057460052782862994 -0.059804251253083196 0.050055447740541617 -0.060130625628259229 0.0055267387851871625 -0.066589161697901814 0.036269821101120231 -0.058326826439510787 0.028174783472612333 0.067407371741157213 0.15454227713814753 0.13376001718322791 0.092395986853466325 -0.010287129465396902 0.019246952551657873 0.13029775873545998 0.12578649125407509 0.12195167113883565 -0.067760754855127558 0.080736490836874827 0.095443186565449867 0.031256893052420291 0.1336323191084488 0.13240766100718934 0.075550892797129399 0.12217717885653907 -0.066602836062295057 -0.061986441317787515
leaf_weight=23.680080533027649 7.5309970080852562 13.563623607158659 46.013820007443428 10.440375305712221 8.3559079691767746 9.5294580757617933 6.8308851793408385 3.4507787376642227 40.609473496675491 3.85902365297079 5.0783873945474607 3.771136447787284 8.7981767803430539 27.615145862102509 33.366625495254993 4.6363036036491394 10.936676889657976 18.021557196974754 7.4467633366584769 10.149688601493834 4.1923246383666992 15.900373935699461 23.710369005799294 2.6511686369776726 7.1107986420393017 16.309203505516052 13.297852858901022 32.004744619131088 4.3737478256225577 5.1371251046657544
leaf_count=40 20 16 409 78 29 71 30 19 153 32 18 15 12 40 78 24 38 21 11 16 22 34 52 14 9 14 32 35 24 34
internal_value=0.0630441 0.0822004 -0.01235 0.0642559 0.0140725 0.0356139 0.0772566 0.049721 0.0648901 0.0688213 0.0545442 -0.0480015 0.096975 0.0991826 0.077634 0.0553481 0.109798 0.0913694 0.062404 0.0894881 -0.0152084 0.107067 0.116059 -0.0218453 0.121512 0.116768 0.0957877 0.125631 -0.0618115 -0.0638359
internal_weight=428.373 341.583 86.7901 206.991 42.5904 37.0051 164.4 72.8775 64.2896 27.4757 27.7763 49.785 20.9655 91.523 40.1975 12.1673 134.592 52.3054 18.3834 18.5056 9.27071 33.9219 51.3255 6.51019 82.2862 68.7226 20.4087 48.3139 14.8141 8.5879
internal_count=1440 843 597 633 187 173 446 246 193 102 85 424 56 200 108 44 210 104 49 45 40 55 92 46 106 90 41 49 102 53
is_linear=0
shrinkage=0.05


Tree=7
num_leaves=30
num_cat=0
split_feature=36 16 23 37 49 12 16 13 16 7 24 15 0 6 54 0 37 39 9 25 25 0 44 23 7 13 21 12 28
split_gain=212.704 58.2856 69.0981 54.8282 35.1697 35.1646 27.5297 49.164 20.4523 19.2488 18.1758 15.6706 15.324 39.04 10.7143 7.82828 13.1809 5.98095 5.79467 5.43329 5.23881 3.70756 0.0396363 0.0135784 0.00856766 0.00197477 0.000339967 0.000331879 0.00013582
threshold=0.91854998469352733 1.0593499541282656 -77.450000762939439 -0.12880000472068784 0.2189000025391579 -0.0022500000195577736 0.92289999127388012 0.0049050000961869964 0.96505001187324535 87.256061553955092 0.0031850000377744441 0.99985000491142284 0.15301232784986499 -0.14618916809558866 0.89259999990463268 0.41630643606185919 -1.8741999864578245 0.36819998919963842 1.0000000180025095e-35 1.7706500291824343 1.1714999675750735 0.44382615387439733 0.1917499974370003 31.304999351501468 95.809001922607436 0.15168499946594241 17.170000076293949 -0.0039650001563131801 0.0046349999029189357
decision_type=2 2 2 2 2 2 2 2 2 2 2 2 2 2 2 2 2 2 2 2 2 2 2 2 2 2 2 2 2
left_child=1 2 17 5 -3 9 12 19 -5 11 -9 -2 18 -14 -6 16 -16 22 -4 -8 -11 -17 25 26 -7 -1 28 -28 -10
right_child=3 4 6 8 14 24 7 10 23 20 -12 -13 13 -15 15 21 -18 -19 -20 -21 -22 -23 -24 -25 -26 -27 27 -29 -30
leaf_value=-0.058470071822756348 0.031387103812863755 -0.065971863199333472 0.13718265223831849 0.061283041239196735 0.053618992384575986 -0.060897804458669692 -0.063506172124158433 0.085738116297563755 -0.057136497690678467 -0.058461117728906567 0.038640043304510194 0.11472898854171013 -0.019727717297634836 0.1040683087023378 0.1290379163161201 0.14329917229276881 0.08327979963533251 0.018455727912728485 0.096178502003599897 0.012136946456004806 0.035143275916934349 0.11075361047744321 -0.065226857827810569 -0.060729167745156389 -0.057631330989052793 -0.060017559602431575 -0.057772362965865201 -0.057002289161587276 -0.056855770585334781
leaf_weight=5.2638582885265333 9.7249401956796699 3.2739190459251395 13.899681448936461 3.9729813337326041 11.869913235306738 3.8572760447859746 9.3254465311765653 40.933285608887672 5.0139345899224272 3.6112577468156806 41.005279935896397 13.428410381078718 9.5345634222030657 19.178541839122772 20.159839898347855 10.301262587308882 71.7510936409235 2.9327461719512931 22.666975915431976 3.1845847070217124 2.5505102127790451 58.13702280819416 3.7563984319567671 2.5258641690015784 4.1859391555190086 3.3888180181384087 2.3120320811867714 3.5434009283781043 30.627466164529324
leaf_count=43 35 18 15 18 35 27 59 97 46 30 139 30 40 32 20 13 148 14 36 15 14 72 22 18 37 25 20 33 289
internal_value=0.0587732 0.0760072 0.0555949 -0.0120095 0.0963703 0.0334126 0.0653301 0.0480729 -0.0473646 0.0588222 0.0621684 0.0797235 0.0902983 0.0629602 0.0994564 0.10285 0.0933164 -0.0457611 0.111765 -0.0442503 -0.0197159 0.115652 -0.0609381 -0.0571699 -0.0591978 -0.0590761 -0.0569533 -0.0573064 -0.0568953
internal_weight=435.917 350.563 175.07 85.354 175.493 37.3583 159.728 94.4486 47.9957 29.3151 81.9386 23.1534 65.2798 28.7131 172.219 160.349 91.9109 15.3418 36.5667 12.51 6.16177 68.4383 12.4091 44.0227 8.04322 8.65268 41.4968 5.85543 35.6414
internal_count=1440 843 537 597 306 173 433 310 424 109 236 65 123 72 288 253 168 104 51 74 44 85 90 406 64 68 388 53 335
is_linear=0
shrinkage=0.05


Tree=8
num_leaves=27
num_cat=0
split_feature=36 13 28 7 21 13 29 30 16 16 44 24 33 23 3 6 13 22 54 29 51 51 16 23 51 3
split_gain=184.385 52.8077 45.0449 42.3577 24.876 22.9477 41.8624 22.1277 20.8747 34.1636 11.6562 11.5462 18.4983 8.88572 14.448 28.7163 7.14621 4.78294 3.70986 3.06028 5.39441 0.379101 0.0181533 0.0145625 0.00635912 0.000603722
threshold=0.91854998469352733 0.73606997728347789 0.0029950001044198875 84.502883911132827 21.23499965667725 0.60429498553276073 0.025290000252425674 -0.028405000455677506 1.060950040817261 0.92289999127388012 0.28109999001026159 0.0023700000019744043 -0.042850000783801072 -75.604999542236314 0.74693968892097484 0.21419800072908404 2.203395009040833 7.5616002082824716 0.89965000748634349 0.072170000523328795 0.00048500001139473175 0.041695000603795059 1.0378000140190127 36.819999694824226 0.0021450000349432234 0.97177913784980785
decision_type=2 2 2 2 2 2 2 2 2 2 2 2 2 2 2 2 2 2 2 2 2 2 2 2 2 2
left_child=1 3 -2 5 7 8 24 -4 9 -1 -10 23 -13 18 16 -16 -15 22 -3 20 -20 -21 25 -9 -7 -5
right_child=2 13 4 17 -6 6 -8 11 10 -11 -12 12 -14 14 15 -17 -18 -19 19 21 -22 -23 -24 -25 -26 -27
leaf_value=0.083854996239079493 0.071243302324355468 0.13979220294832104 0.099476352782962296 -0.057762427349849522 0.12297412546032947 -0.06886492021419062 0.081049929623527542 -0.057291084964898986 0.05415778185674433 0.034891711883172097 0.1130191624916165 0.042995886621351564 -0.044689521146849535 0.11739193124757444 0.099801050281107251 -0.020033343976742658 0.071514495926783939 0.016697495700259076 0.11541234591932566 0.10179842218808813 0.068394298456505742 0.11079752666489705 -0.063401461653496347 -0.061321171718092107 -0.066208330660024503 -0.058787201200703611
leaf_weight=63.816353917121887 13.711037896573542 6.7930696606636038 2.981854446232318 2.8771808519959432 2.6322674155235282 5.4999957680702227 9.5887468904256803 35.591479942202568 11.658290684223173 80.64701833575964 30.194338977336884 9.1509757861495036 17.549859307706356 20.20246148109436 10.915297627449037 9.223813593387602 14.638893589377401 2.7183911576867095 10.098755285143854 17.004661604762077 15.407602116465567 37.536056831479073 2.4673782512545586 2.3921960145235053 3.8152060359716415 2.8716772720217705
leaf_count=118 39 6 9 25 8 28 21 330 32 292 46 46 149 25 15 37 27 11 12 18 35 35 16 16 21 23
internal_value=0.0550051 0.0706498 -0.0116589 0.0550944 -0.0278282 0.0602036 0.00771331 -0.0336945 0.0655293 0.0565211 0.096623 -0.0398335 -0.0146378 0.0943583 0.0786293 0.0449163 0.0981161 -0.040793 0.104317 0.101306 0.0870102 0.107992 -0.059814 -0.0575449 -0.0677769 -0.0582743
internal_weight=441.985 357.975 84.0097 216.155 70.2986 205.22 18.9039 67.6664 186.316 144.463 41.8526 64.6845 26.7008 141.821 54.9805 20.1391 34.8414 10.9346 86.8401 80.0471 25.5064 54.5407 8.21624 37.9837 9.3152 5.74886
internal_count=1440 843 597 633 558 558 70 550 488 410 78 541 195 210 104 52 52 75 106 100 47 53 64 346 49 48
is_linear=0
shrinkage=0.05


Tree=9
num_leaves=31
num_cat=0
split_feature=36 37 13 7 44 12 26 34 31 16 54 51 1 25 37 49 23 3 23 49 1 54 14 31 24 23 7 7 31 28
split_gain=161 48.5784 46.6442 39.1253 47.7397 29.0645 28.294 40.8299 26.3842 24.4303 11.817 11.7272 18.5431 11.4323 14.3861 9.8504 7.9076 12.2583 19.0607 10.7122 8.18178 2.61318 3.19727 0.0760184 0.016872 0.00826106 0.00771039 0.00617441 0.00326059 0.00121949
threshold=0.91854998469352733 -0.12880000472068784 0.73606997728347789 73.665012359619155 0.21474999934434894 -0.0022500000195577736 0.31449998915195471 209.50000000000003 -0.044554999098181718 0.90745002031326305 0.66745001077651989 0.006430000066757203 0.22939863801002505 0.91929998993873607 -0.36154998838901514 0.23470000177621844 -75.604999542236314 0.74693968892097484 -66.479999542236314 0.31549999117851263 1.1384053230285647 0.89965000748634349 0.10655000060796739 0.070920001715421691 -0.36449499428272242 31.304999351501468 84.280876159667983 95.809001922607436 -0.023040000349283215 0.0038850000128149991
decision_type=2 2 2 2 2 2 2 2 2 2 2 2 2 2 2 2 2 2 2 2 2 2 2 2 2 2 2 2 2 2
left_child=2 5 3 6 23 13 7 9 -3 -1 -8 12 -6 -2 -15 -12 19 20 -19 -4 -18 -21 -23 26 -9 28 -5 -7 -10 -30
right_child=1 8 16 4 11 27 10 24 25 -11 15 -13 -14 14 -16 -17 17 18 -20 21 -22 22 -24 -25 -26 -27 -28 -29 29 -31
leaf_value=0.089840112582051559 -0.0020022600173507537 0.09604018544066191 -0.07789085871448953 -0.06072840686183794 0.059791703682654962 -0.059695917064994108 -0.078038321278236122 -0.065504201447439639 -0.05794848135308292 0.029264773536295221 0.017853821310252392 0.085259757249953314 -0.037488514771913083 0.018197190721686168 0.10011095187531832 0.087272091422544246 0.11348868995385407 -0.016531476776155109 0.082214647623682829 0.12833658573721671 0.065501329000643801 -0.08489916803907023 0.097081304428079843 -0.066494693961995324 -0.061018304896128854 -0.059513622522765888 -0.057903107629176324 -0.056807020617684556 -0.057371516671062543 -0.056234148245078802
leaf_weight=27.364301890134811 7.3466314524412182 3.0346559658646575 0.86346720159053703 3.8081327229738218 12.963526561856272 3.5675060898065558 1.1507278978824604 4.5581808984279633 3.3278727382421485 42.489900887012482 5.4299659579992285 11.892144560813902 7.8740077316761008 8.5314726084470767 14.419174820184706 86.804972559213638 18.943629935383797 8.2007119208574313 12.093949079513548 7.022957205772399 16.724347725510597 0.24209076166152854 80.223958939313889 4.8902137875556937 3.8805367499589902 2.3302691727876654 6.6001730486750603 3.8408706411719322 2.5332030951976767 33.835166148841381
leaf_count=43 34 10 4 27 35 27 5 26 29 152 18 20 37 38 37 159 21 31 21 6 31 1 95 27 27 18 57 37 23 344
internal_value=0.0516467 -0.0112992 0.0659586 0.0514529 0.0115608 0.0305764 0.0626129 0.0404443 -0.0463393 0.0529942 0.0811987 0.045642 0.0230318 0.0522838 0.069661 0.0831854 0.0880422 0.0733362 0.0423131 0.0973571 0.0909879 0.0990867 0.0965338 -0.0613527 -0.0634414 -0.0566203 -0.0589368 -0.0581982 -0.0564504 -0.0563134
internal_weight=446.789 82.7668 364.022 219.707 48.0282 37.7057 171.679 78.2929 45.0612 69.8542 93.3857 32.7297 20.8375 30.2973 22.9506 92.2349 144.315 55.9626 20.2947 88.3525 35.668 87.489 80.466 15.2985 8.43872 42.0265 10.4083 7.40838 39.6962 36.3684
internal_count=1440 597 843 633 203 173 430 248 424 195 182 92 72 109 75 177 210 104 52 106 52 102 96 111 53 414 84 64 396 367
is_linear=0
shrinkage=0.05


Tree=10
num_leaves=28
num_cat=0
split_feature=36 37 37 12 7 40 55 44 35 37 13 7 23 37 53 29 45 22 43 37 35 44 16 8 23 1 54
split_gain=167.235 60.5119 27.5787 38.4308 22.0021 18.9396 20.648 16.6422 16.5199 22.1244 19.131 15.5141 15.315 13.3797 13.3058 10.8379 10.7582 12.0409 7.58275 11.3078 10.7105 0.078175 0.0109646 0.00723306 0.00331382 0.00171282 0.00103361
threshold=0.91854998469352733 -0.12880000472068784 -0.097149997949600206 -0.0035599999828264113 95.958652496337905 1.0000000180025095e-35 -0.098349999636411653 0.14325000345706942 22.500000000000004 -1.1368499994277952 0.29887498915195471 16.840557098388675 -69.344997406005845 -0.037999998778104775 0.88774999976158153 0.016544999554753307 4.6199002265930185 5.7725501060485849 1.0000000180025095e-35 -0.46850000321865076 8.5000000000000018 0.22564999759197238 0.97105002403259288 0.01461535692214966 28.360000610351566 -0.014517599716782568 0.9694499969482423
decision_type=2 2 2 2 2 2 2 2 2 2 2 2 2 2 2 2 2 2 2 2 2 2 2 2 2 2 2
left_child=2 4 5 11 8 6 -1 -8 9 -2 -11 -4 21 -13 -15 22 18 -18 19 -7 -20 23 -3 -5 25 -24 -6
right_child=1 15 3 12 26 16 7 -9 -10 10 -12 13 -14 14 -16 -17 17 -19 20 -21 -22 -23 24 -25 -26 -27 -28
leaf_value=0.0872319890811417 0.1214984658009805 -0.059179558567899929 -0.0092830293441356765 -0.057508760613284839 -0.057766992715189716 0.08706707837769867 -0.064602724627280214 0.044713085336281377 0.10378501945625518 -0.019824508144173223 0.099837871627659003 -0.0044117785049901043 0.059888822131304448 0.0570118016765696 0.093079824122462518 0.065001176524655258 -0.0026478409673823433 0.088544221959721128 0.069108441299838577 0.045971664071996876 0.10832981066349866 -0.068600888467705498 -0.057274724045580962 -0.06082766519454938 -0.058128813991401664 -0.055921017001113849 -0.056401440282488571
leaf_weight=12.042947530746462 5.0124150514602652 3.171064965426921 7.84241709858179 4.3322773575782758 2.3038306534290305 72.537936866283417 6.0504031702876082 8.2006603330373746 9.7188056707382184 16.491556473076351 4.1884328275918952 6.9849739447236052 3.5241117626428595 96.078778877854347 34.843672782182693 1.9246982634067524 7.2784847319126111 7.2011953890323639 23.698074594140053 21.760655984282494 65.558951929211617 2.8448080271482468 2.5087028816342345 2.6432000696659088 1.9507992044091214 34.081556282937527 3.4773130267858505
leaf_count=24 7 25 35 39 20 110 39 23 21 92 8 27 8 239 49 10 29 11 42 56 77 15 23 19 17 361 35
internal_value=0.0535562 -0.00997097 0.0676111 0.0516878 0.0334937 0.0789039 0.039033 -0.00169782 0.0482586 0.0272543 0.00441138 0.0591236 -0.0295274 0.0630137 0.0666109 -0.0510008 0.0841977 0.0427048 0.0874708 0.0775838 0.0979164 -0.0616153 -0.0563534 -0.0587664 -0.0561209 -0.0560138 -0.0569456
internal_weight=468.253 84.8292 383.424 159.094 41.1924 224.329 26.294 14.2511 35.4112 25.6924 20.68 145.75 13.3444 137.907 130.922 43.6368 198.035 14.4797 183.556 94.2986 89.257 9.82029 41.7121 6.97548 38.5411 36.5903 5.78114
internal_count=1461 619 842 431 183 411 86 62 128 107 100 350 81 315 288 436 325 40 285 166 119 73 426 58 401 384 55
is_linear=0
shrinkage=0.05


Tree=11
num_leaves=31
num_cat=0
split_feature=36 37 37 12 33 4 2 30 24 43 51 8 9 21 23 23 21 40 52 17 45 45 44 23 34 37 16 8 12 2
split_gain=146.631 56.1606 24.3551 33.8677 24.1645 31.6746 20.3849 43.9961 19.2166 31.6068 18.4453 21.8506 14.9707 30.5621 14.1973 11.0306 9.27886 8.9969 13.9496 15.5822 7.73291 5.05901 0.065043 0.0617064 0.0416052 0.0285319 0.0107241 0.0060922 0.00160532 0.000446654
threshold=0.91854998469352733 -0.12880000472068784 -0.097149997949600206 -0.0035599999828264113 -0.26950000226497645 3.5000000000000004 0.086688138544559493 -0.094124998897314058 0.012304999865591528 3.5000000000000004 -0.0022249999456107612 0.0018213987350463869 1.5000000000000002 11.434999942779543 -69.344997406005845 43.699998855590827 12.195000171661379 1.0000000180025095e-35 2.5000000000000004 1.0518500208854678 4.6199002265930185 0.69904997944831859 0.22564999759197238 -77.450000762939439 158.50000000000003 0.33550000190734869 0.96875000000000011 0.01461535692214966 -0.097680002450942979 0.047524938359856612
decision_type=2 2 2 2 2 2 2 2 2 2 2 2 2 2 2 2 2 2 2 2 2 2 2 2 2 2 2 2 2 2
left_child=2 8 6 4 5 -4 7 -1 9 10 11 -2 16 -14 22 26 -6 18 19 -8 21 -19 27 -12 -9 -7 -3 -5 -28 -30
right_child=1 15 3 14 12 25 17 24 -10 -11 23 -13 13 -15 -16 -17 -18 20 -20 -21 -22 -23 -24 -25 -26 -27 28 -29 29 -31
leaf_value=0.087607086889760932 -0.026732452177477807 -0.059038584608282013 0.059149994558194668 -0.057091976977930149 0.033150510132111094 -0.068621534335919138 -0.03414458739987123 -0.070442583418330443 0.10043675864751887 0.084745384096174353 -0.058189044550543051 0.12328022670264667 0.12875896757860525 0.032585884630656356 0.056038512970809973 0.069781635167464759 0.088438843750826113 0.077357039424927804 0.097254159700546128 0.074853405261901429 0.046074920475428827 0.094616848079887669 -0.067403178269447486 -0.065479779884236228 -0.063122451612127997 -0.074528457327275477 -0.05681324669866971 -0.060201072652594029 -0.056318537195058874 -0.055604630509142987
leaf_weight=11.260156974196436 6.4323186129331571 2.6637944951653472 10.680505976080896 4.1503109633922559 8.83903820812702 4.0475730299949628 7.160996541380884 4.0963517129421225 8.1428550928831083 10.861752830445765 7.2429649606347049 3.898734524846077 9.663081541657446 56.919317215681076 3.5765143185853949 1.8230692297220219 53.647101558744907 97.054198391735554 8.7173724919557554 6.0484215617179871 13.849441558122633 75.468444332480431 2.7529207020998001 4.8425887823104912 3.6893563345074654 4.1305215731263161 3.2713583782315245 2.5397940874099731 2.3530235365033141 31.804388038814068
leaf_count=16 40 21 24 39 25 21 36 21 12 29 64 10 13 157 8 7 90 143 19 9 36 107 15 28 24 20 32 19 24 352
internal_value=0.0504779 -0.00970086 0.0633938 0.0485108 0.0553153 0.00244768 0.07393 0.0244164 0.0315891 0.0147428 -0.0191763 0.0298794 0.06304 0.0465435 -0.0288014 -0.0505037 0.080618 0.0784573 0.0481619 0.0157642 0.0820215 0.0849072 -0.0609342 -0.0611104 -0.0669738 -0.071605 -0.0559733 -0.0582723 -0.0557551 -0.0556538
internal_weight=471.628 83.3368 388.291 160.947 147.927 18.8586 227.345 19.0459 41.4212 33.2784 22.4166 10.3311 129.069 66.5824 13.0195 41.9156 62.4861 208.299 21.9268 13.2094 186.372 172.523 9.44303 12.0856 7.78571 8.17809 40.0926 6.69011 37.4288 34.1574
internal_count=1461 619 842 431 350 65 411 61 183 171 142 50 285 170 81 436 115 350 64 45 286 250 73 92 45 41 429 58 408 376
is_linear=0
shrinkage=0.05


Tree=12
num_leaves=30
num_cat=0
split_feature=36 37 52 16 7 37 40 7 53 8 2 24 14 21 30 38 27 37 45 35 2 14 16 7 16 23 27 1 12
split_gain=129.193 52.1772 21.9166 26.6074 18.5338 16.9834 16.1412 13.8044 24.0746 13.7503 17.4842 16.0301 11.6614 28.0731 11.2918 19.8214 11.0893 9.59468 8.60701 15.4505 6.69522 6.4397 0.162231 0.0400413 0.00768178 0.0029226 0.00240219 0.00119736 0.00096509
threshold=0.91854998469352733 -0.12880000472068784 4.5000000000000009 0.98359999060630809 95.958652496337905 0.14185000211000445 1.0000000180025095e-35 72.120204925537124 0.90264999866485607 0.0078817009925842303 0.10720583796501161 0.013530000112950804 0.95280000567436229 17.479999542236332 0.03923000022768975 1.0000000180025095e-35 0.0042450001928955325 0.54280000925064098 4.6199002265930185 3.5000000000000004 0.086688138544559493 0.76504999399185192 1.0678499937057497 72.861667633056655 0.97105002403259288 27.304999351501468 -0.0042699999175965777 -0.014517599716782568 -0.0021950000664219256
decision_type=2 2 2 2 2 2 2 2 2 2 2 2 2 2 2 2 2 2 2 2 2 2 2 2 2 2 2 2 2
left_child=2 4 5 -4 9 6 12 14 22 10 -2 -12 21 -14 15 -7 24 -16 20 -20 -8 -1 -9 -5 -3 27 -25 -26 -6
right_child=1 16 3 23 28 7 18 8 -10 -11 11 -13 13 -15 17 -17 -18 -19 19 -21 -22 -23 -24 26 25 -27 -28 -29 -30
leaf_value=0.034246486753098188 0.082834032300291516 -0.058169155951001916 0.091530679239070406 -0.065036340170612689 -0.057107752374967125 0.062465041679847726 0.04518163887720001 -0.060578241210080333 0.058485638431169544 0.096957153724636591 -0.029385477551854552 0.078403970779285098 -0.067018845266415536 0.068056999073862853 0.10249421705131279 -0.00071792896937672359 0.071529144042591919 0.045269129974941022 0.088930247421341826 -0.0030068358173586545 0.077683113360114686 0.089233625575944969 -0.075793359792910103 -0.056713626594727298 -0.056496322595763621 -0.057460800908000202 -0.059040791714061604 -0.055314851489282536 -0.055771871758441671
leaf_weight=10.940170109272005 8.8852284848690051 2.9177144691348067 4.4784539937973005 3.4676743969321251 2.588860034942627 31.908783167600632 17.136241540312767 3.924290567636489 8.1886930391192418 8.8386282026767713 13.851206548511984 4.5929905474185935 7.3231450840830794 8.1025936082005483 16.161905989050869 20.31622538715601 1.792418174445628 13.396208003163336 8.5268839746713656 9.8473235964775068 210.32241067290306 10.373141981661318 3.1648935675621033 2.2419967353343964 2.301517434418197 1.8045367822051037 2.1941204071044922 31.427079930901531 2.8298020958900443
leaf_count=32 16 25 10 21 24 60 42 30 18 24 80 8 44 17 23 76 8 30 13 34 317 20 15 22 23 17 18 363 31
internal_value=0.0476943 -0.0094492 0.0596225 -0.00583927 0.0298265 0.0617576 0.0679557 0.0437132 8.6164e-05 0.0427463 0.025214 -0.00254365 0.0370436 0.00393171 0.0518632 0.037886 -0.050036 0.0765589 0.0725755 0.0396582 0.0752345 0.0610086 -0.0673709 -0.0610111 -0.0557029 -0.0555004 -0.0578647 -0.0553955 -0.0564101
internal_weight=473.845 81.83 392.015 12.3822 41.5867 379.633 282.572 97.061 15.2779 36.1681 27.3294 18.4442 36.7391 15.4257 81.7831 52.225 40.2433 29.5581 245.833 18.3742 227.459 21.3133 7.08918 7.90379 38.4508 35.5331 4.43612 33.7286 5.41866
internal_count=1461 619 842 71 183 771 519 252 63 128 104 88 113 61 189 136 436 53 406 47 359 52 45 61 428 403 40 386 55
is_linear=0
shrinkage=0.05


Tree=13
num_leaves=31
num_cat=0
split_feature=52 37 53 37 12 2 30 0 35 13 14 49 37 41 13 39 0 53 4 1 24 15 37 13 12 23 23 55 46 23
split_gain=97.6205 38.3178 29.7342 28.0867 39.2978 19.6008 31.1408 18.1977 20.4273 15.8027 16.3823 15.2671 13.6778 10.3232 23.4242 9.75339 8.96515 19.4205 8.62016 7.58281 10.1357 6.13435 5.99303 0.14106 0.101838 0.0584776 0.0350792 0.0265981 0.0172976 0.0095334
threshold=4.5000000000000009 -0.12880000472068784 0.81084999442100536 0.19155000150203708 -0.0077449998352676621 0.086688138544559493 -0.094124998897314058 0.19107920676469806 30.500000000000004 0.0077249999158084401 1.8773500323295595 0.23470000177621844 -0.0029499999945983286 1.0000000180025095e-35 1.1440100073814394 0.23820000141859057 0.42438650131225591 0.83254998922348034 5.5000000000000009 -0.020673757418990132 0.013530000112950804 1.0095000267028811 0.92315000295639049 0.36361500620841986 -0.14745499938726422 -72.740001678466783 -76.810001373291001 -0.029800000600516793 1.0000000180025095e-35 -94.735000610351548
decision_type=2 2 2 2 2 2 2 2 2 2 2 2 2 2 2 2 2 2 2 2 2 2 2 2 2 2 2 2 2 2
left_child=3 2 7 5 9 6 -1 8 26 10 24 -11 27 16 -15 -13 17 -7 -3 -9 -21 -18 23 28 -5 29 -2 -8 -6 -4
right_child=1 18 25 4 22 13 12 19 -10 11 -12 15 -14 14 -16 -17 21 -19 -20 20 -22 -23 -24 -25 -26 -27 -28 -29 -30 -31
leaf_value=0.079691649152502653 -0.058172844598705531 -0.056040637657682149 -0.055613386813047463 -0.070956656535859752 -0.05502199086901554 0.068750111471262088 -0.069878266485694063 0.13205005986275231 0.077605950897599446 -0.077292919535241422 0.077419607520450462 0.041067649418487555 0.044868560094484637 -0.038582335548044376 0.092010884473980314 0.07789290004843806 0.098071850816014869 0.023100868192636133 0.051214524038216705 0.022567335583457873 0.10760803806608277 0.071507393453958401 0.029197305955957199 -0.070006972805883902 -0.057376071931839162 -0.066900147628002588 -0.065615564664856837 -0.064367486263336174 -0.059411936096317557 -0.059762977383674254
leaf_weight=11.440806597471239 3.2230236008763313 30.218688875436783 2.7615090236067772 1.9950276315212248 5.5447052344679815 137.19328204542398 3.5932330042123786 4.7327991798520115 4.4874385893344879 2.2220060080289832 3.1526269689202309 45.272232100367546 3.9348996579647055 7.1948918700218183 6.56844262778759 29.826775729656219 31.85944652557373 28.064955793321133 1.997161142528056 8.1699207052588445 6.1348588466644278 68.369084641337395 2.2574204280972472 2.5816291272640219 4.4809664338827115 2.5049692541360837 3.1116025447845477 5.6052753403782836 3.7693787291646004 2.7750522494316101
leaf_count=16 28 334 31 10 67 256 19 6 7 10 7 105 13 37 7 46 42 81 6 38 5 101 11 13 45 14 18 35 31 22
internal_value=0.0451689 -0.00930025 0.0247772 0.0546007 0.031773 0.062197 0.0193863 0.0477598 -0.00401126 0.0443497 -0.0160548 0.0518717 -0.033147 0.0659644 0.0237422 0.0556934 0.0681533 0.0609977 -0.0493916 0.0771894 0.0590386 0.0799514 -0.0454916 -0.0596651 -0.0615598 -0.0605612 -0.0618287 -0.0665202 -0.0567986 -0.0576933
internal_weight=475.044 70.117 37.9012 404.927 101.103 303.824 24.5742 29.8596 10.8221 86.9496 9.62862 77.321 13.1334 279.25 13.7633 75.099 265.487 165.258 32.2159 19.0376 14.3048 100.229 14.1531 11.8957 6.47599 8.04153 6.33463 9.19851 9.31408 5.53656
internal_count=1461 509 169 952 345 607 83 102 53 223 62 161 67 524 44 151 480 337 340 49 43 143 122 111 55 67 46 54 98 53
is_linear=0
shrinkage=0.05


Tree=14
num_leaves=26
num_cat=0
split_feature=36 37 18 15 7 2 13 2 39 30 7 6 27 33 25 9 44 13 54 30 37 55 18 23 1
split_gain=102.627 45.3456 20.2941 23.7431 30.566 25.4088 30.0494 18.9056 15.8333 15.5087 17.2916 18.3935 11.1348 6.6882 6.25632 14.078 5.03946 4.42336 3.98279 3.71423 4.09929 0.0425525 0.00741291 0.00238059 0.000989728
threshold=0.91854998469352733 -0.12880000472068784 1.1462499499320986 0.95875000953674328 23.024324417114261 0.45256917178630834 0.30267000198364263 0.13121739029884341 0.10804999992251398 -0.011404999997466801 87.256061553955092 0.076384093612432494 0.0071150001604110011 -0.026599999517202374 0.72255000472068798 4.5000000000000009 -0.25604999065399164 0.69984000921249401 0.87290000915527355 0.15383000671863559 -0.94940000772476185 -0.016449999995529648 0.96875000000000011 27.304999351501468 0.0054884837009012708
decision_type=2 2 2 2 2 2 2 2 2 2 2 2 2 2 2 2 2 2 2 2 2 2 2 2 2
left_child=2 8 3 14 21 7 -7 -6 -2 -10 13 -12 22 -11 16 -16 -1 -4 -19 -20 -21 -5 -3 24 -24
right_child=1 12 17 4 5 6 -8 -9 9 10 11 -13 -14 -15 15 -17 -18 18 19 20 -22 -23 23 -25 -26
leaf_value=0.067078947627580196 -0.062783553080976856 -0.057867629524586676 0.04761343450311914 -0.068791770642161673 0.027738360721670526 -0.033922593686825805 0.036438730781155879 0.072237893033418807 -0.064559104745058979 0.095710015168884555 -0.056279486262723159 0.09194960983319507 0.076227936546887823 0.043140123414636161 0.0074857432704102033 0.087156424989416226 0.099519623458247775 -0.074210576127904354 0.094904731290894495 0.080079545853027165 0.054468046099376888 -0.060976322275640316 -0.055698184113102345 -0.056818706864615792 -0.054788510904795806
leaf_weight=26.644321665167809 4.4227284565567961 2.3862791657447806 16.008149430155754 3.3014119639992714 34.874308943748474 18.587327301502228 82.638678409159184 75.628939747810364 3.3976304233074179 12.394492954015734 6.5770699083805066 3.0695976987481117 1.6886017769575108 11.820218116044996 10.484117388725281 11.769196540117264 21.738637551665306 0.43848700821399589 21.655978009104729 44.878062158823013 23.967297315597534 3.6863326728343955 3.3446812182664898 1.6761033758521069 28.204403780400753
leaf_count=37 30 21 33 18 109 93 205 149 20 20 69 9 6 35 31 13 22 2 21 44 38 27 37 17 355
internal_value=0.0428664 -0.00917805 0.0532387 0.0463599 0.0382204 0.0416161 0.0235188 0.058194 0.0266609 0.0372782 0.0474965 -0.00911256 -0.0492271 0.0700484 0.0715629 0.0496215 0.0816547 0.0718497 0.0761161 0.0768444 0.0711634 -0.0646688 -0.0551758 -0.0549825 -0.054885
internal_weight=475.283 78.9818 396.301 289.353 218.717 211.729 101.226 110.503 41.6817 37.259 33.8614 9.64667 37.3001 24.2147 70.6363 22.2533 48.383 106.948 90.9398 90.5013 68.8454 6.98774 35.6115 33.2252 31.5491
internal_count=1461 619 842 704 601 556 298 258 183 153 133 78 436 55 103 44 59 138 105 103 82 45 430 409 392
is_linear=0
shrinkage=0.05


Tree=15
num_leaves=30
num_cat=0
split_feature=31 16 13 37 2 41 29 51 49 2 52 30 16 53 8 2 35 35 35 12 34 23 24 8 5 54 22 1 26
split_gain=67.7205 66.6771 38.3236 31.703 27.7734 21.1624 19.449 15.6708 16.3786 13.9876 13.0361 13.0574 15.8218 13.3514 11.8555 20.2842 35.8203 8.97975 8.85959 8.01954 7.75763 8.62688 7.06459 4.90673 4.5295 4.14247 4.1337 2.86495 2.49051
threshold=0.067280001938343062 0.95605000853538524 0.21381999552249911 -1.2432000041007993 0.028119706548750404 1.0000000180025095e-35 0.017274999991059307 0.0056149999145418414 0.26784999668598181 0.086688138544559493 2.5000000000000004 0.37289500236511236 1.0911499857902529 0.83254998922348034 0.0054008364677429208 0.74110671877861034 1.5000000000000002 24.500000000000004 10.500000000000002 -0.0074150001164525739 217.50000000000003 14.809999942779543 0.5414550006389619 -0.0073538422584533683 0.92548984289169323 0.8709000051021577 9.918650150299074 -0.22438953071832654 0.9925999939441682
decision_type=2 2 2 2 2 2 2 2 2 2 2 2 2 2 2 2 2 2 2 2 2 2 2 2 2 2 2 2 2
left_child=1 5 3 -3 17 20 -6 10 -9 -7 11 12 18 -14 23 16 -16 -5 -2 -12 21 22 -1 -4 -21 -10 28 -23 -27
right_child=7 2 14 4 6 9 -8 8 25 -11 19 -13 13 -15 15 -17 -18 -19 -20 24 -22 27 -24 -25 -26 26 -28 -29 -30
leaf_value=0.010620153310254281 0.07100828414376148 0.099724710742424727 0.095704946140997366 0.0053349736391615958 -0.045861965217367247 0.03859287240451597 0.047080223469444717 -0.076533070987471641 -0.076046396605696509 -0.074417755560152274 0.029845334955561673 0.083501820032483201 -0.03914293328258972 0.027065127822926627 0.093796795387001253 0.059404832030760239 -0.055861764856263818 0.093122818254989997 0.027270690576239751 0.10879561544318306 0.02534423203202308 0.093898932952668948 0.068269397513932503 0.044255759776832153 0.068444133876498059 0.092843794933657242 0.055949444184078226 0.069625424653795995 0.074790600403022739
leaf_weight=9.5524206310510653 22.183803290128708 5.2348365932703009 7.5872302353382137 6.5631252825260145 68.631973028182983 6.2842603474855405 6.1316320225596419 1.797550857067107 0.44779209792613883 4.8521840050816536 8.7163381129503232 12.975294306874273 12.016084954142569 20.787742659449577 5.4243782460689571 15.340072348713873 15.207114346325396 5.2376220151782036 24.218544140458107 11.568977728486063 11.843839801847933 22.288595557212826 11.97767651081085 11.906722590327261 17.436211302876472 29.816208571195602 19.990978538990021 26.739621028304104 53.172663375735283
leaf_count=26 40 6 7 36 654 17 25 8 2 24 22 13 48 50 7 30 78 7 63 15 36 25 17 36 32 26 30 40 60
internal_value=0.0396706 0.0210335 6.46742e-05 -0.0197618 -0.0269876 0.0540462 -0.0382394 0.0587575 0.0730996 -0.0106462 0.04714 0.0370078 0.0293912 0.00281303 0.0328789 0.0158616 -0.0165139 0.0442986 0.0481805 0.0719007 0.0627892 0.0690746 0.0426917 0.0642803 0.0845387 0.0757002 0.0763601 0.0806603 0.0812767
internal_weight=475.931 240.803 147.265 91.7992 86.5644 93.5386 74.7636 235.128 105.225 11.1364 129.903 92.1815 79.2062 32.8038 55.4655 35.9716 20.6315 11.8007 46.4023 37.7215 82.4022 70.5583 21.5301 19.494 29.0052 103.428 102.98 49.0282 82.9889
internal_count=1480 1071 886 728 722 185 679 409 126 41 283 214 201 98 158 115 85 43 103 69 144 108 43 43 47 118 116 65 86
is_linear=0
shrinkage=0.05


Tree=16
num_leaves=27
num_cat=0
split_feature=36 30 2 36 31 2 0 30 24 33 39 39 49 51 13 6 31 8 2 18 35 3 15 55 22 6
split_gain=63.5144 29.7276 29.102 22.832 26.164 29.4618 28.8585 26.2478 21.0938 15.7679 18.168 22.7109 15.1217 9.30068 9.17039 17.9485 12.9372 8.03543 6.90928 5.10708 4.58055 3.91588 3.48369 1.6409 0.900694 0.0197339
threshold=0.91854998469352733 0.078685000538826003 0.99802371859550487 0.22580000013113025 -0.095839999616146074 0.77528282999992382 0.48904283344745642 0.023784999735653404 0.0060250000096857556 -0.048050001263618462 0.25014999508857733 0.17565000057220462 0.44515000283718115 0.006430000066757203 0.53055000305175792 0.21861556172370913 0.18367999792099002 0.02683430910110474 0.086688138544559493 1.0410500168800356 16.500000000000004 1.7880154252052309 1.2127000093460085 -0.13620000332593915 2.3231499195098881 0.073208712041378035
decision_type=2 2 2 2 2 2 2 2 2 2 2 2 2 2 2 2 2 2 2 2 2 2 2 2 2 2
left_child=1 3 8 4 12 7 -7 -6 9 10 11 -2 -1 14 -3 -16 -17 19 -10 -11 -14 23 -23 -15 -25 -12
right_child=2 13 -4 -5 5 6 -8 -9 18 17 25 -13 20 21 15 16 -18 -19 -20 -21 -22 22 -24 24 -26 -27
leaf_value=0.012316362001883709 -0.057651137069188445 0.0070034625047061434 0.13676156930459279 0.085965805776869769 0.0048726527139453931 -0.061805027164845587 0.048067705727442019 0.049596428602304857 0.079415935369231472 -0.056038507575647982 -0.054874014256299321 0.078665038584703195 0.060503403238364423 0.09247585760320759 0.091812506879576233 -0.0078552028020607133 0.057434969116290063 0.056764389144146291 0.011217080730264463 0.0088598081053596744 0.093684832749158828 0.041549846731008311 0.073418015883314119 0.064820200268410344 0.080521647835464963 -0.061129030134479484
leaf_weight=13.445397615432737 4.2525555640459087 11.214813850820063 3.5187629908323279 19.902108371257782 59.786275580525398 19.010391294956211 8.716547526419161 72.696377769112587 6.8769984766840926 31.125852361321449 5.5524035245180121 10.854406371712683 28.035862758755684 19.485203981399536 21.757604047656059 12.088810831308363 20.37534362077713 1.8676715940237034 8.0740501657128316 3.3585103675723067 16.535045817494392 15.263081669807432 19.572447165846825 14.48078317940235 24.734210595488548 1.6314486935734747
leaf_count=34 43 34 6 32 237 90 19 162 13 368 72 34 45 16 22 36 34 7 36 22 16 27 21 17 23 14
internal_value=0.0378127 0.0458763 -0.00371204 0.0346985 0.030023 0.0196046 -0.0272642 0.0294137 -0.0104285 -0.0239447 0.00916459 0.0402925 0.0587929 0.0626198 0.0481605 0.0566731 0.0331226 -0.0442471 0.0425863 -0.0497179 0.0728131 0.0727353 0.0594551 0.0806164 0.0747236 -0.0562945
internal_weight=474.213 397.1 77.1127 238.128 218.226 160.21 27.7269 132.483 73.5939 58.6428 22.2908 15.107 58.0163 158.972 65.4366 54.2218 32.4642 36.352 14.951 34.4844 44.5709 93.5357 34.8355 58.7002 39.215 7.18385
internal_count=1480 865 615 635 603 508 109 399 609 560 163 77 95 230 126 92 70 397 49 390 61 104 48 56 40 86
is_linear=0
shrinkage=0.05


Tree=17
num_leaves=29
num_cat=0
split_feature=36 37 30 30 23 15 24 15 36 41 43 21 33 54 18 29 30 38 23 30 18 6 7 23 27 25 31 24
split_gain=56.8385 37.6086 27.7242 24.8244 20.5984 18.7637 17.2382 15.1882 15.1505 23.6996 13.1478 9.98438 13.8306 11.2879 8.16548 11.7023 14.9666 3.9754 4.4617 2.21128 3.9891 0.169379 0.0220591 0.0104182 0.00426138 0.00259978 0.0011411 0.000976966
threshold=0.91854998469352733 -0.12880000472068784 0.078685000538826003 -0.029404999688267704 -79.405002593994126 1.0439500212669375 0.0021950000664219265 1.0284000039100649 0.22580000013113025 1.0000000180025095e-35 4.5000000000000009 13.815000057220461 -0.077300000935792909 1.0010499954223635 1.1094499826431277 0.051359999924898155 0.090904999524354949 1.0000000180025095e-35 -77.865001678466783 0.11663499847054483 1.3140500187873843 0.16507519781589511 95.809001922607436 32.239999771118171 -0.0058950001839548341 0.67379999160766613 -0.023040000349283215 0.0060250000096857556
decision_type=2 2 2 2 2 2 2 2 2 2 2 2 2 2 2 2 2 2 2 2 2 2 2 2 2 2 2 2
left_child=2 6 4 -3 7 8 10 21 9 -6 22 13 -13 -8 15 16 -4 19 -19 -16 -21 25 24 26 -2 -1 -5 -28
right_child=1 3 14 23 5 -7 11 -9 -10 -11 -12 12 -14 -15 17 -17 -18 18 -20 20 -22 -23 -24 -25 -26 -27 27 -29
leaf_value=-0.058626176531411604 -0.062029410076606645 0.10064529426406768 0.053114481295181565 -0.055337226040197952 0.040437272770992329 -0.044872340883230943 0.025645918357055094 0.042864670143291511 0.082548507423639506 -0.022260844615874111 0.054824680320312548 0.064140502952481887 -0.060405354760042787 0.10061597977238297 0.087649082569210224 0.078497529145226425 -0.03150194072141331 0.029630700096706264 0.069368795121507731 0.050056198281764996 0.074310942486006615 -0.072623993498582326 -0.054997877190175848 -0.058587371576562297 -0.059255377947992544 -0.056628074193600109 -0.054175268128372492 -0.055458710894559275
leaf_weight=2.4474582970142347 3.0186370462179184 2.80360173434019 11.78353561460972 2.6333606764674213 181.73931777477264 6.8334395438432685 8.8127643615007454 5.5108643025159827 18.5014738291502 16.434996888041496 3.723362423479557 4.6963019818067551 4.242931663990019 11.668932177126406 15.693863049149511 11.357634857296942 9.3902423828840238 14.374712541699411 13.888071641325949 24.049366682767868 57.442185461521149 2.3926138281822205 2.3689914792776108 1.5178113803267468 2.5572217851877195 4.8618593215942383 26.139074221253402 1.5719121322035778
leaf_count=21 20 7 22 31 423 26 31 12 27 65 12 11 35 16 17 15 33 29 18 38 58 12 30 13 21 49 370 18
internal_value=0.0360472 -0.0036388 0.0436257 -0.0419938 0.0328729 0.0367046 0.0287202 -0.0234239 0.0392774 0.0352376 -0.0227053 0.0491154 0.00502586 0.0683582 0.0598742 0.0375518 0.0155884 0.0656629 0.0491576 0.0704628 0.067153 -0.0610769 -0.0590399 -0.0545448 -0.0607572 -0.0572971 -0.0543426 -0.0542481
internal_weight=472.457 75.7549 396.702 34.6658 238.722 223.509 41.0891 15.2128 216.676 198.174 11.6682 29.4209 8.93923 20.4817 157.98 32.5314 21.1738 125.448 28.2628 97.1854 81.4916 9.70193 7.94485 31.8622 5.57586 7.30932 30.3443 27.711
internal_count=1480 615 865 439 635 541 176 94 515 488 83 93 46 47 230 70 55 160 47 113 96 82 71 432 41 70 419 388
is_linear=0
shrinkage=0.05


end of trees

feature_importances:
Column_37=38
Column_23=30
Column_7=24
Column_16=23
Column_13=22
Column_1=17
Column_2=17
Column_6=17
Column_30=16
Column_36=16
Column_53=16
Column_24=15
Column_44=13
Column_54=13
Column_12=12
Column_21=11
Column_31=11
Column_51=11
Column_35=10
Column_0=9
Column_14=9
Column_18=9
Column_39=9
Column_55=9
Column_8=8
Column_27=8
Column_33=8
Column_34=8
Column_49=8
Column_52=8
Column_15=7
Column_25=7
Column_28=7
Column_22=6
Column_29=6
Column_38=6
Column_43=6
Column_45=6
Column_3=5
Column_9=5
Column_40=5
Column_5=4
Column_26=3
Column_41=3
Column_4=2
Column_17=1
Column_46=1
Column_48=1
Column_50=1

parameters:
[boosting: gbdt]
[objective: binary]
[metric: auc]
[tree_learner: serial]
[device_type: cpu]
[data_sample_strategy: bagging]
[data: ]
[valid: ]
[num_iterations: 300]
[learning_rate: 0.05]
[num_leaves: 31]
[num_threads: 0]
[seed: 10]
[deterministic: 0]
[force_col_wise: 0]
[force_row_wise: 0]
[histogram_pool_size: -1]
[max_depth: 6]
[min_data_in_leaf: 20]
[min_sum_hessian_in_leaf: 0.001]
[bagging_fraction: 0.8]
[pos_bagging_fraction: 1]
[neg_bagging_fraction: 1]
[bagging_freq: 5]
[bagging_seed: 16899]
[bagging_by_query: 0]
[feature_fraction: 0.8]
[feature_fraction_bynode: 1]
[feature_fraction_seed: 13694]
[extra_trees: 0]
[extra_seed: 18296]
[early_stopping_round: 0]
[early_stopping_min_delta: 0]
[first_metric_only: 0]
[max_delta_step: 0]
[lambda_l1: 0]
[lambda_l2: 0]
[linear_lambda: 0]
[min_gain_to_split: 0]
[drop_rate: 0.1]
[max_drop: 50]
[skip_drop: 0.5]
[xgboost_dart_mode: 0]
[uniform_drop: 0]
[drop_seed: 3272]
[top_rate: 0.2]
[other_rate: 0.1]
[min_data_per_group: 100]
[max_cat_threshold: 32]
[cat_l2: 10]
[cat_smooth: 10]
[max_cat_to_onehot: 4]
[top_k: 20]
[monotone_constraints: ]
[monotone_constraints_method: basic]
[monotone_penalty: 0]
[feature_contri: ]
[forcedsplits_filename: ]
[refit_decay_rate: 0.9]
[cegb_tradeoff: 1]
[cegb_penalty_split: 0]
[cegb_penalty_feature_lazy: ]
[cegb_penalty_feature_coupled: ]
[path_smooth: 0]
[interaction_constraints: ]
[verbosity: -1]
[saved_feature_importance_type: 0]
[use_quantized_grad: 0]
[num_grad_quant_bins: 4]
[quant_train_renew_leaf: 0]
[stochastic_rounding: 1]
[linear_tree: 0]
[max_bin: 255]
[max_bin_by_feature: ]
[min_data_in_bin: 3]
[bin_construct_sample_cnt: 200000]
[data_random_seed: 71]
[is_enable_sparse: 1]
[enable_bundle: 1]
[use_missing: 1]
[zero_as_missing: 0]
[feature_pre_filter: 1]
[pre_partition: 0]
[two_round: 0]
[header: 0]
[label_column: ]
[weight_column: ]
[group_column: ]
[ignore_column: ]
[categorical_feature: ]
[forcedbins_filename: ]
[precise_float_parser: 0]
[parser_config_file: ]
[objective_seed: 13697]
[num_class: 1]
[is_unbalance: 0]
[scale_pos_weight: 4.95765]
[sigmoid: 1]
[boost_from_average: 1]
[reg_sqrt: 0]
[alpha: 0.9]
[fair_c: 1]
[poisson_max_delta_step: 0.7]
[tweedie_variance_power: 1.5]
[lambdarank_truncation_level: 30]
[lambdarank_norm: 1]
[label_gain: ]
[lambdarank_position_bias_regularization: 0]
[eval_at: ]
[multi_error_top_k: 1]
[auc_mu_weights: ]
[num_machines: 1]
[local_listen_port: 12400]
[time_out: 120]
[machine_list_filename: ]
[machines: ]
[gpu_platform_id: -1]
[gpu_device_id: -1]
[gpu_use_dp: 0]
[num_gpu: 1]

end of parameters

pandas_categorical:null
