tree
version=v4
num_class=1
num_tree_per_iteration=1
label_index=0
max_feature_idx=57
objective=binary sigmoid:1
feature_names=Column_0 Column_1 Column_2 Column_3 Column_4 Column_5 Column_6 Column_7 Column_8 Column_9 Column_10 Column_11 Column_12 Column_13 Column_14 Column_15 Column_16 Column_17 Column_18 Column_19 Column_20 Column_21 Column_22 Column_23 Column_24 Column_25 Column_26 Column_27 Column_28 Column_29 Column_30 Column_31 Column_32 Column_33 Column_34 Column_35 Column_36 Column_37 Column_38 Column_39 Column_40 Column_41 Column_42 Column_43 Column_44 Column_45 Column_46 Column_47 Column_48 Column_49 Column_50 Column_51 Column_52 Column_53 Column_54 Column_55 Column_56 Column_57
feature_infos=[0:12.448933601379395] [-0.99282771348953247:240.71893310546875] [0.0039525693282485008:1] [6.4609064764908908e-09:5] [2:7] [-14693.1376953125:9751.81640625] [-0.99372047185897827:2.7325921058654785] [0:100] [-0.99636203050613403:271.08529663085938] [0:6] none [-1:1] [-0.99751001596450806:0.28093999624252319] [-0.87866002321243286:287.8616943359375] [0:10] [-0.027000000700354576:6] [-0.10999999940395355:6] [-0.027000000700354576:6] [-0.10999999940395355:6] none none [10.199999809265137:24.530000686645508] [0:50] [-100:87.319999694824219] [-0.99751001596450806:0.99734997749328613] [0:5] [0:1] [-0.15000000596046448:0.15000000596046448] [-0.15000000596046448:0.15000000596046448] [-0.99627000093460083:269.16470336914062] [-0.99643999338150024:256.8143310546875] [-0.99617999792098999:260.58767700195312] [-1:1] [-5:5] [0:251] [0:32] [0:1] [-5:5] [0:1] [0:5] [0:1] [0:1] none [0:9] [-2.9251999855041504:1.628600001335144] [0.10000000149011612:10] [0:1] [0:1] [0.10000000149011612:20] [0:0.99599999189376831] [0:3] [-0.10000000149011612:0.10000000149011612] [1:5] [0:1] [0.20000000298023224:4.624000072479248] [-1:1] [0:1] [0:1]
tree_sizes=3460 3451 3486 3477 3478 3474 3466 3478 3471 3471 3471 3491 3497 3504 3481 3485 3483 3478 3482 3489 3506 3489 3510

Tree=0
num_leaves=31
num_cat=0
split_feature=37 18 28 29 27 28 37 15 37 37 27 9 18 28 9 14 29 9 29 29 37 8 44 53 39 44 39 14 7 36
split_gain=606.216 347.851 206.951 196.646 195.17 177.199 139.921 137.417 125.385 97.8115 79.5101 78.4408 76.1072 70.1991 92.3517 61.5854 60.8822 48.9295 53.4462 46.6894 45.4849 43.8702 36.7917 35.4974 30.9003 30.0145 29.8073 26.58 25.4635 25.1678
threshold=-1.2179500460624693 1.1113499999046328 0.10139000043272973 -0.061584999784827225 -0.07004500180482863 0.045254999771714217 -0.054250000044703477 1.1131500005722048 -0.018350000493228432 -0.093150001019239412 -0.071855001151561723 1.5000000000000002 1.3644999861717226 0.051784999668598182 3.5000000000000004 1.7461499571800234 -0.098805002868175493 3.5000000000000004 -0.089524999260902391 -0.054095000028610223 -0.093150001019239412 0.057753145694732673 0.11115000024437906 0.99994999170303356 0.0053499999921768912 0.040349999442696578 0.7795500159263612 1.0000000180025095e-35 54.385162353515632 0.97325000166893016
decision_type=2 2 2 2 2 2 2 2 2 2 2 2 2 2 2 2 2 2 2 2 2 2 2 2 2 2 2 2 2 2
left_child=2 3 4 8 15 9 12 13 17 10 -5 -7 19 14 -6 -1 25 18 -2 -3 -13 -21 -19 -9 -4 -17 -18 -8 -29 -11
right_child=1 6 24 5 7 11 27 23 -10 29 -12 20 -14 -15 -16 16 26 22 -20 21 -22 -23 -24 -25 -26 -27 -28 28 -30 -31
leaf_value=-0.49973734914275569 -0.5175343247261418 -0.49943222860013781 -0.46606913864482713 -0.52877003517474364 -0.55048099446192067 -0.55201736917668931 -0.54535874728329814 -0.510790629077575 -0.58688646948450018 -0.58400347884951731 -0.55822973800109876 -0.52806041081871946 -0.49360728631403816 -0.52875570557380103 -0.52532400336476459 -0.48837207270071825 -0.53447364581658419 -0.50460264261380783 -0.54497436001379895 -0.53747814507857394 -0.56997551871985119 -0.52006778129322651 -0.54825926864073526 -0.46531233582015541 -0.49994398728708417 -0.53888396222214752 -0.58269359920431274 -0.61224300227657336 -0.56233534363240167 -0.63365764601231378
leaf_weight=610.16545709967613 283.09545344114304 135.05202999711037 82.308525085449219 238.8356104195118 1414.7573233991861 802.72355940937996 55.600684374570847 267.33608184754848 97.199817940592766 199.40416947007179 5582.5476953983307 923.34496383368969 183.57120355963707 1252.2631251513958 491.56663851439953 109.19495768845081 158.65599356591702 285.31318446993828 475.54288038611412 858.41098472476006 69.603181481361389 625.44741885364056 58.085262313485146 51.110073894262314 369.69830825924873 40.249670535326004 40.161226257681847 53.276441693305969 49.123244285583496 29.264877408742905
leaf_count=1854 904 410 226 786 4923 2804 191 838 369 752 19802 3033 548 4121 1603 321 530 879 1632 2890 254 2011 201 140 1124 136 151 214 176 123
internal_value=-0.540659 -0.547167 -0.526005 -0.551305 -0.52929 -0.554187 -0.528073 -0.534796 -0.532448 -0.558281 -0.557021 -0.540395 -0.524118 -0.537953 -0.543994 -0.509313 -0.526089 -0.527647 -0.534735 -0.527578 -0.530999 -0.53014 -0.511987 -0.503491 -0.493776 -0.501976 -0.544214 -0.57319 -0.588301 -0.590358
internal_weight=15892.9 11005.4 4887.47 9044.96 4435.46 7845.72 1960.48 3477.03 1199.24 6050.05 5821.38 1795.67 1802.48 3158.59 1906.32 958.427 348.262 1102.04 758.638 1618.91 992.948 1483.86 343.398 318.446 452.007 149.445 198.817 158 102.4 228.669
internal_count=53946 37979 15967 31539 14617 27554 6440 11625 3985 21463 20588 6091 5859 10647 6526 2992 1138 3616 2536 5311 3287 4901 1080 978 1350 457 681 581 390 875
is_linear=0
shrinkage=1


Tree=1
num_leaves=31
num_cat=0
split_feature=15 29 13 9 13 36 52 9 16 16 30 22 3 7 8 29 8 15 8 0 49 8 15 8 29 35 27 1 22 1
split_gain=453.663 475.296 241.497 139.234 123.93 102.42 95.4038 94.4081 91.8146 76.8802 67.9924 72.7604 49.6181 44.5266 53.1022 42.8997 36.7118 33.9876 31.8059 29.218 27.9302 27.7562 43.5114 46.8941 24.9031 23.196 22.5364 22.1715 22.0376 18.8603
threshold=1.0610499978065493 -0.061584999784827225 0.22322000563144687 3.5000000000000004 0.96859499812126171 0.99994999170303356 4.5000000000000009 2.5000000000000004 1.160350024700165 1.1250500082969668 -0.095435000956058488 8.9162001609802264 1.7993117570877077 55.918544769287116 0.17169547080993655 -0.077879998832941041 -0.10147276520729064 0.91205000877380382 0.10453975200653078 0.49181577563285833 0.26594999432563787 -0.028217941522598263 0.93604999780654918 -0.087217479944229112 -0.054095000028610223 21.500000000000004 -0.073555000126361833 0.0073707620613276967 2.3051500320434575 0.11703780665993692
decision_type=2 2 2 2 2 2 2 2 2 2 2 2 2 2 2 2 2 2 2 2 2 2 2 2 2 2 2 2 2 2
left_child=1 3 5 4 7 12 -7 15 18 10 20 -12 16 28 -15 -1 -3 -9 29 -6 -4 22 23 -5 -11 -14 -21 -8 -10 -2
right_child=8 2 9 21 19 6 27 17 13 24 11 -13 25 14 -16 -17 -18 -19 -20 26 -22 -23 -24 -25 -26 -27 -28 -29 -30 -31
leaf_value=0.045247105302306793 0.026911793125740047 0.038336090127148059 0.055943084987177885 0.064035409873146196 0.035669322854929221 0.0038928421186542883 -0.029692960983802193 0.021648054510329501 0.045233276623514382 0.078255141402760728 0.01917768137089141 0.037204782428237625 0.030410008838901145 0.052784214058840109 0.078103436005140275 0.021501871454268448 0.0078622236619338582 -0.013435008380754968 0.04679705438336388 0.087814620183338965 0.031508027924417502 0.028764294102970534 0.080290466920504677 0.024293671831816833 0.035830045083397939 0.0083268495841090622 0.057162326217325345 -0.075492741687822273 0.0024141631955789077 0.039587766133359903
leaf_weight=526.10099421441555 534.47712440788746 102.54669214785099 184.87240032851696 327.76640884578228 70.649223938584328 165.82542715966702 45.346138566732407 129.44180342555046 83.452882677316666 35.73019403219223 4810.3925179392099 633.44356654584408 454.41959226131439 639.70855709910393 306.21418692171574 297.93172167241573 2727.0576937943697 147.92803299427032 795.27520222961903 118.11625853180885 318.29129953682423 56.426942780613899 285.43111565709114 95.958545625209808 1083.6627947092056 161.05965238809586 121.80109629034996 63.327526405453682 46.95676776766777 650.69792938232422
leaf_count=1684 1804 337 579 987 232 596 177 441 266 103 16634 2083 1524 1996 883 1020 9704 551 2533 332 1067 189 821 323 3565 571 378 273 170 2123
internal_value=0.0281228 0.024037 0.0197353 0.0453447 0.0360349 0.00942318 -0.0199698 0.028169 0.0454501 0.0251634 0.0229007 0.0212753 0.0117652 0.0572045 0.0609806 0.0366619 0.00896662 0.00293741 0.0390618 0.0639308 0.040486 0.0625149 0.0652004 0.0550353 0.0371842 0.0246313 0.0722531 -0.0563819 0.0298153 0.0338713
internal_weight=16020.3 12963.5 10786 2177.55 1411.97 3719.58 274.499 1101.4 3056.78 7066.39 5947 5443.84 3445.08 1076.33 945.923 824.033 2829.6 277.37 1980.45 310.567 503.164 765.583 709.156 423.725 1119.39 615.479 239.917 108.674 130.41 1185.18
internal_count=53946 44171 37213 6958 4638 13182 1046 3696 9775 24031 20363 18717 12136 3315 2879 2704 10041 992 6460 942 1646 2320 2131 1310 3668 2095 710 450 436 3927
is_linear=0
shrinkage=0.05


Tree=2
num_leaves=31
num_cat=0
split_feature=37 13 13 37 30 30 9 28 27 36 45 16 30 29 28 15 37 3 37 0 33 34 29 53 16 3 14 29 14 23
split_gain=509.193 291.936 213.617 173.669 181.544 170.572 137.488 107.136 98.6261 94.9047 150.956 78.2535 72.6523 70.0971 63.1483 59.1422 46.5073 40.0906 38.6065 37.6584 43.366 33.5581 33.4855 32.6664 32.1094 30.4276 29.9449 27.5034 26.6636 30.691
threshold=-1.1741500496864317 0.21097999811172488 1.2138700485229494 -0.093150001019239412 0.1205049976706505 -0.095435000956058488 3.5000000000000004 0.058825001120567329 -0.072635002434253679 0.98794999718666088 0.91694998741149913 1.1113499999046328 -0.098904997110366807 -0.044545000419020646 -0.0029850000282749529 1.1131500005722048 1.0000000180025095e-35 0.92714133858680736 -0.28245000541210169 0.65339669585227977 -0.74735000729560841 89.500000000000014 -0.076319999992847429 0.99994999170303356 1.3644999861717226 0.75585868954658519 0.72904998064041149 -0.06064499914646148 1.0000000180025095e-35 48.354999542236335
decision_type=2 2 2 2 2 2 2 2 2 2 2 2 2 2 2 2 2 2 2 2 2 2 2 2 2 2 2 2 2 2
left_child=2 9 6 4 5 27 7 8 17 12 -11 -7 16 25 -10 26 22 -1 21 20 -4 -14 -2 -9 -6 -8 -15 -3 29 -5
right_child=1 3 19 28 24 11 13 23 14 10 -12 -13 18 15 -16 -17 -18 -19 -20 -21 -22 -23 -24 -25 -26 -27 -28 -29 -30 -31
leaf_value=0.065341487936514939 0.046387531242701174 0.059696667875654058 0.089482705311605071 0.025307555751375773 0.043975134680724143 0.018477745837516095 0.085026811794751925 0.041149804837595672 0.0068005170113669567 0.0092099336984023082 -0.074805961575328123 0.033961798810696851 0.015111390534704928 0.059568804984520676 0.025864104367632142 0.075902595774853657 -0.027320053432199537 0.033840883583895399 -0.016100189754211579 0.072557084498911073 0.044561318471230453 0.0024242292984309514 0.020523002645619747 0.091187770271762864 0.070618212025708407 0.056419244569066967 0.028904517711373725 0.039509790275691153 -0.012386871772803188 -0.06332059225291424
leaf_weight=148.54852268099785 183.17012533545494 275.00073751807213 63.431337878108025 96.628765121102333 835.35776937007904 4488.9670602977276 122.80521535873413 1004.9763469994068 734.91371203958988 135.75448361039162 88.201129972934723 997.24149024486542 895.78733393549919 93.643967360258102 1062.35116943717 94.68201944231987 39.559099823236465 315.59215904772282 184.61442603170872 429.77955934405327 351.12775361537933 1246.4227468371391 394.97449892759323 33.71090404689312 130.78983853757381 382.32415844500065 531.45591162145138 436.6181607991457 324.2202005982399 10.866531968116758
leaf_count=439 572 826 172 324 2641 15410 341 3194 2602 482 387 3240 3115 285 3569 268 153 1024 695 1236 1105 4472 1352 91 375 1155 1758 1409 1209 45
internal_value=0.0265217 0.0202481 0.0390987 0.0255663 0.0274223 0.0242797 0.0347907 0.0294808 0.0233752 0.00749895 -0.0238783 0.0212923 0.00988545 0.0490962 0.0180689 0.0390762 0.0251287 0.0439227 0.00583881 0.0621863 0.0514347 0.0077295 0.0287175 0.0427738 0.0475819 0.0633742 0.0334982 0.0473109 -0.00523194 0.0163483
internal_weight=16133.5 10764.2 5369.34 7595.69 7163.98 6197.83 4525 3300.09 2261.41 3168.48 223.956 5486.21 2944.53 1224.91 1797.26 719.782 617.704 464.141 2326.82 844.339 414.559 2142.21 578.145 1038.69 966.148 505.129 625.1 711.619 431.715 107.495
internal_count=53946 36707 17239 25479 23901 20885 14726 10919 7634 11228 869 18650 10359 3807 6171 2311 2077 1463 8282 2513 1277 7587 1924 3285 3016 1496 2043 2235 1578 369
is_linear=0
shrinkage=0.05


Tree=3
num_leaves=31
num_cat=0
split_feature=37 2 3 37 18 9 28 15 8 28 8 28 35 9 37 37 37 18 27 9 15 34 36 28 9 34 21 37 14 56
split_gain=452.311 282.866 155.919 139.973 132.352 123.849 129.801 113.994 100.408 84.3932 83.562 76.5286 72.9067 68.2532 57.9843 51.7606 50.8521 51.169 40.511 38.7496 38.2904 31.1497 30.6896 30.1899 27.4667 27.188 24.6836 24.1879 25.1371 23.3393
threshold=-1.3792499899864195 0.73523598909378063 0.79433429241180431 -0.26815000176429743 1.1355499625205996 3.5000000000000004 0.03448500111699105 1.1410500407218935 -0.090745091438293443 0.045564999803900726 -0.074364095926284776 0.056184999644756324 6.5000000000000009 2.5000000000000004 -0.093150001019239412 -1.0584500432014463 -0.0021499999566003676 1.3644999861717226 -0.071855001151561723 5.0000000000000009 1.0452499985694887 137.50000000000003 0.951999992132187 -0.026964999735355374 1.5000000000000002 155.50000000000003 15.820000171661379 1.0000000180025095e-35 1.5234499573707583 1.0000000180025095e-35
decision_type=2 2 2 2 2 2 2 2 2 2 2 2 2 2 2 2 2 2 2 2 2 2 2 2 2 2 2 2 2 2
left_child=2 3 -1 5 8 6 13 10 14 18 21 19 -8 -2 23 25 17 29 -10 -12 -17 26 27 -3 -11 -7 -4 -5 -29 -6
right_child=1 4 7 22 16 15 12 -9 9 24 11 -13 -14 -15 -16 20 -18 -19 -20 -21 -22 -23 -24 -25 -26 -27 -28 28 -30 -31
leaf_value=0.062510858385081969 0.0097250631965609211 0.072017087595574042 0.065102265194210571 0.0022488595811780538 0.042790712244337031 0.047804791831440201 0.0056998206889491386 0.064391078919575115 0.034956401129814678 0.02434241486970724 0.015252500803028084 0.038447249115416526 0.027676400069494202 -0.0076390904495441253 -0.0087339499384104687 0.017942249650328836 -0.0097884730671428683 0.067705031496801849 0.014717894830458367 0.035096150450541111 0.044012754965463113 0.024387805268619354 -0.050217860007340943 0.042839528579249331 0.040756284968571241 0.020413509356028817 0.036447434062272431 -0.0079929803707408219 -0.044713484962674743 0.019790286866897766
leaf_weight=647.10070022940636 2008.9704038202763 116.09107400476933 286.56865836679935 306.81392516195774 958.45749224722385 375.91851270198822 517.22504945099354 309.07189299166203 276.00480733811855 449.73901961743832 957.36876939237118 1069.076398819685 1395.859100073576 787.85781162977219 46.409377038478851 954.14368622004986 44.757340118288994 199.40980993211269 2374.2799382656813 331.09943197667599 165.23174723982811 86.360589653253555 44.070945382118225 375.13303232192993 588.23216719925404 119.35630182921886 101.87014228105545 147.35986346006393 68.16381810605526 124.63754814863205
leaf_count=1898 7019 330 828 1096 2983 1166 1815 883 887 1502 3274 3370 4629 2877 171 3256 166 565 8185 1056 522 283 186 1172 1867 400 325 545 275 415
internal_value=0.0250351 0.0204299 0.0401617 0.0136627 0.0288274 0.0157953 0.0116986 0.035558 0.0245014 0.0215588 0.0324117 0.0285575 0.0217348 0.00483364 0.0446879 0.0277453 0.042601 0.0444293 0.0168256 0.0203518 0.0217905 0.0515488 -0.0101497 0.0497351 0.0336444 0.0412038 0.0575874 -0.006769 -0.0196066 0.0401439
internal_weight=16232.6 12444.1 3788.52 6890.97 5553.15 6324.56 4709.91 3141.42 4225.89 3688.26 2832.34 2357.54 1913.08 2796.83 537.633 1614.65 1327.26 1282.5 2650.28 1288.47 1119.38 474.799 566.409 491.224 1037.97 495.275 388.439 522.338 215.524 1083.1
internal_count=53946 42029 11917 23786 18243 21684 16340 10019 14114 12441 9136 7700 6444 9896 1673 5344 4129 3963 9072 4330 3778 1436 2102 1502 3369 1566 1153 1916 820 3398
is_linear=0
shrinkage=0.05


Tree=4
num_leaves=31
num_cat=0
split_feature=37 13 13 37 30 30 9 51 14 28 36 45 29 27 30 29 18 9 37 18 34 14 37 35 28 3 14 27 29 51
split_gain=404.455 246.783 183.915 142.012 147.876 147.087 96.6701 88.3268 87.8318 85.6982 83.5844 137.992 67.6419 67.2479 64.175 59.6306 54.4436 47.7771 39.1153 34.4389 41.9358 29.0355 28.3878 27.2174 25.8396 25.464 23.5466 26.426 22.6854 22.5289
threshold=-1.1741500496864317 0.21097999811172488 0.48209001123905187 -0.093150001019239412 0.1205049976706505 -0.095435000956058488 3.5000000000000004 0.026855000294744972 0.5116499960422517 0.042934998869895942 0.98794999718666088 0.91694998741149913 -0.068149998784065233 -0.062064999714493745 -0.098904997110366807 -0.044545000419020646 1.24414998292923 2.5000000000000004 1.0000000180025095e-35 1.0588499903678896 89.500000000000014 0.94574999809265148 -1.9653000235557554 6.5000000000000009 0.063325002789497389 0.75585868954658519 1.0000000180025095e-35 0.03196500055491925 -0.06064499914646148 -0.0005250000103842466
decision_type=2 2 2 2 2 2 2 2 2 2 2 2 2 2 2 2 2 2 2 2 2 2 2 2 2 2 2 2 2 2
left_child=2 10 6 4 5 28 8 12 -1 17 14 -12 -4 -7 18 25 22 -10 21 20 -16 -2 -14 -11 -6 -8 27 -5 -3 -27
right_child=1 3 7 26 24 13 15 -9 9 23 11 -13 16 -15 19 -17 -18 -19 -20 -21 -22 -23 -24 -25 -26 29 -28 -29 -30 -31
leaf_value=0.056806650107433215 0.014417601485864955 0.05409534684145445 0.063353074688348499 -0.044826938256997254 0.037911092968377448 0.034965811882264081 0.078745311091939899 0.072065412923787209 0.016865482031864859 0.015155157646952609 0.0080672283349522075 -0.072791478216946662 0.047770105580990672 0.017087222200390436 0.010997425295776062 0.029262144499384152 0.061156023900618854 -0.0047210802733669566 -0.02557138269708318 0.023983499298887597 -0.00319588982413781 0.036729807991347938 0.031097465699620019 0.034310644587688705 0.056593048536343504 0.03883129242610199 -0.011721915843455867 0.025428605684158775 0.035917489832994219 0.068252617103982602
leaf_weight=162.55213811993599 278.90834003686905 280.23413297533989 310.18361356854439 15.653297349810599 736.16038350760937 588.44258004426956 91.345186203718185 273.85152816772461 722.5470000654459 248.40795235335827 136.52313625812531 86.003760397434235 324.32993507385254 4953.3135376572609 909.10443398356438 478.39123786985874 221.86138518154621 397.25286787748337 39.103432297706604 212.48638479411602 1217.2469132691622 305.54045332968235 1199.6538939774036 731.54062612354755 247.2552342414856 197.42449235916138 322.89980678260326 92.356843233108521 442.884382635355 97.052223742008209
leaf_count=479 950 826 880 63 2294 1877 245 751 2444 831 482 387 979 16773 3162 1535 631 1425 153 714 4406 974 3840 2323 722 604 1209 306 1409 272
internal_value=0.0236498 0.0180716 0.0347565 0.0229248 0.0245826 0.0217531 0.0268321 0.0453903 0.0213981 0.018657 0.00637019 -0.0231836 0.0418373 0.0189856 0.00859019 0.0410571 0.0380146 0.00920757 0.0228428 0.00479032 0.00287235 0.0260821 0.0346457 0.0294549 0.0426082 0.055682 -0.00496203 0.0152469 0.0429621 0.0485278
internal_weight=16320.5 10864.1 5456.39 7679.2 7248.29 6264.87 3126.51 2329.88 2262.3 2099.75 3184.92 222.527 2056.03 5541.76 2962.39 864.213 1745.85 1119.8 623.552 2338.84 2126.35 584.449 1523.98 979.949 983.416 385.822 430.91 108.01 723.119 294.477
internal_count=53946 36707 17239 25479 23901 20885 10158 7081 7502 7023 11228 869 6330 18650 10359 2656 5450 3869 2077 8282 7568 1924 4819 3154 3016 1121 1578 369 2235 876
is_linear=0
shrinkage=0.05


Tree=5
num_leaves=31
num_cat=0
split_feature=37 34 13 37 29 15 3 16 29 51 8 30 24 35 9 26 16 9 37 15 29 35 22 24 31 29 37 9 30 37
split_gain=362.693 215.967 170.13 134.691 115.261 117.543 100.352 94.7183 93.5057 75.983 77.0336 59.4789 53.4451 103.425 51.0381 77.4379 49.6013 45.1326 43.6348 41.3949 40.3276 36.1589 31.6925 39.4541 31.2865 29.3253 27.7726 26.985 33.1846 26.094
threshold=-1.1741500496864317 32.500000000000007 0.48209001123905187 -0.26815000176429743 -0.079544998705387102 1.0206499695777895 0.81188642978668224 1.2292500138282778 -0.05805500037968158 0.028789999894797805 -0.088933855295181261 -0.10279499739408492 -0.010774999856948851 5.0000000000000009 3.5000000000000004 0.17010000348091128 1.24414998292923 1.0000000180025095e-35 -1.4490500092506406 0.88284999132156383 -0.049644999206066125 6.5000000000000009 2.9835000038146977 0.28450499475002294 -0.17920000106096265 0.083620000630617156 -0.0021499999566003676 3.5000000000000004 0.026610000059008602 -1.0000000180025095e-35
decision_type=2 2 2 2 2 2 2 2 2 2 2 2 2 2 2 2 2 2 2 2 2 2 2 2 2 2 2 2 2 2
left_child=2 7 6 4 24 11 18 8 29 10 -4 -6 13 -10 15 19 -12 -7 -1 -8 -16 -17 -5 -24 -3 -14 -9 28 -20 -2
right_child=1 3 9 22 5 17 14 26 12 -11 16 -13 25 -15 20 21 -18 -19 27 -21 -22 -23 23 -25 -26 -27 -28 -29 -30 -31
leaf_value=0.057264095709969466 0.043744644938057957 0.066273576051427072 0.06808516804583449 -0.00030403141509217815 0.024480141819244298 0.0077279935483297443 0.041443812562286242 0.04885519366077723 0.037295534918642952 0.069728548420239622 0.034276152033561207 0.0047179810394927741 0.024551461036516339 0.0084421230553787651 0.04914600796764014 0.0099183429760622832 0.059092600768152904 0.027281830881996927 0.011158894048325561 -0.0010920044191324626 0.023957879929369194 0.029632035777534968 -0.031531655286524567 0.017971032595129801 0.032614822706192974 0.04645907341309654 0.0041148355422442988 0.052174628261808992 0.06293862802398717 -0.010082462620279183
leaf_weight=311.07478360831738 576.61424997448921 103.0698781311512 228.01213963329792 362.71901234984398 434.7314787954092 376.31710137426853 63.555384546518326 497.38835996389389 392.98429465293884 251.32746548950672 1647.8908323347569 3065.9891709834337 1523.575975343585 1481.137323230505 253.28755331039429 311.19992016255856 229.37824600934982 1367.2987737506628 171.15547026693821 571.77354964613914 426.47532111406326 921.01009424030781 227.58054161071777 48.89931321144104 209.10957816243172 169.77555306255817 37.286516293883324 99.338619142770767 37.77111890912056 23.430192992091179
leaf_count=898 1756 291 624 1304 1424 1299 195 1466 1256 677 5143 10773 5004 5106 739 1055 643 4468 583 2027 1375 2946 900 168 659 517 134 290 111 88
internal_value=0.0231336 0.0178435 0.0335714 0.0117116 0.014212 0.012455 0.0260013 0.025923 0.0233812 0.0437437 0.0406417 0.00717211 0.0203097 0.0144924 0.0216123 0.0173424 0.0373084 0.0230616 0.0440526 0.00316308 0.0333433 0.0246533 -0.0100243 -0.0227764 0.0437277 0.0267479 0.0457351 0.0307207 0.02052 0.0416428
internal_weight=16421.2 10897.9 5523.25 6195.71 5556.52 5244.34 3166.64 4702.19 4167.52 2356.61 2105.28 3500.72 3567.47 1874.12 2547.3 1867.54 1877.27 1743.62 619.34 635.329 679.763 1232.21 639.199 276.48 312.179 1693.35 534.675 308.265 208.927 600.044
internal_count=53919 36613 17306 21286 18914 17964 10219 15327 13727 7087 6410 12197 11883 6362 8337 6223 5786 5767 1882 2222 2114 4001 2372 1068 950 5521 1600 984 694 1844
is_linear=0
shrinkage=0.05


Tree=6
num_leaves=31
num_cat=0
split_feature=28 27 28 35 9 9 2 35 34 51 29 34 8 27 16 6 7 31 8 16 9 9 6 51 15 12 7 7 5 40
split_gain=323.094 345.822 159.309 100.134 111.225 96.1181 92.1544 83.4837 74.9424 62.7245 57.8961 52.6594 51.424 46.7031 45.609 43.992 39.5293 37.8575 35.181 31.6987 31.6084 29.5787 28.7909 28.2785 28.1535 27.9875 25.9262 25.513 24.3695 24.7634
threshold=0.056184999644756324 -0.055825000628828995 -0.0083749997429549677 6.5000000000000009 3.5000000000000004 5.0000000000000009 0.69171446561813366 16.500000000000004 31.500000000000004 -0.017800000496208664 -0.048285000026226037 48.500000000000007 0.071384131908416762 -0.045904999598860734 1.0664499998092654 -0.042579613626003258 79.954780578613295 0.26101000607013708 -0.098805546760559068 1.24414998292923 2.5000000000000004 1.0000000180025095e-35 0.060083990916609771 -0.01444499986246228 1.0342499613761904 -0.35311499238014216 40.098371505737312 61.838392257690437 -87.801311492919908 1.0000000180025095e-35
decision_type=2 2 2 2 2 2 2 2 2 2 2 2 2 2 2 2 2 2 2 2 2 2 2 2 2 2 2 2 2 2
left_child=1 5 3 15 13 6 20 18 17 -6 28 19 16 -5 -9 26 -10 23 -8 22 -1 -13 -2 -4 -23 27 -3 -26 -7 -30
right_child=11 2 8 4 9 10 7 14 12 -11 -12 21 -14 -15 -16 -17 -18 -19 -20 -21 -22 24 -24 -25 25 -27 -28 -29 29 -31
leaf_value=0.020167433887478929 0.044838888834045965 -0.014306081545880388 0.052987129412236024 0.0036567778921654673 0.05425277324780331 0.032134466143718919 0.058195897375335863 0.0021639586484915197 0.011688566727037162 0.0099582754873750474 0.026830768259736151 0.01568247453941914 0.027619631088822823 -0.014190661509072153 0.037627819673034878 0.03129397866864618 -0.044381156647302876 0.046310352902820213 0.036505132858557762 0.052651163665585844 0.0006396375676936167 0.021018737410630987 0.030994908533399725 0.021602272767649644 0.068125899456601968 0.032539244951378221 0.024481633220903371 0.028247911319810932 0.044395892977555064 0.063714001198211787
leaf_weight=664.53482906520367 695.53608222305775 106.33330875635147 74.095790565013885 552.85189063847065 94.498876124620438 143.43613485991955 261.77904410660267 248.34483662247658 3561.6142953634262 518.20310272276402 363.85783441364765 349.90390527248383 549.32218818366528 1087.7435919195414 142.78591892123222 395.79738965630531 31.714108198881149 181.04588231444359 653.87653671205044 437.13653320074081 301.12038078904152 388.16387848556042 816.33332301676273 2288.5596244782209 119.77543565630913 661.613175958395 72.424822881817818 60.301027536392212 306.58589842915535 361.48861569166183
leaf_count=2186 2094 390 222 1930 285 439 746 848 12166 1768 1169 1152 1762 3999 436 1277 131 534 2033 1244 1054 1267 2543 7517 337 2056 242 188 904 1000
internal_value=0.0218802 0.0182285 0.0133121 0.00336334 -0.0013877 0.0317952 0.0257912 0.0344467 0.0175198 0.0167899 0.0434033 0.0352936 0.0133718 -0.00817639 0.0151104 0.021996 0.0111937 0.0242751 0.0427064 0.0407926 0.0140781 0.0285092 0.0373638 0.0225865 0.0321585 0.0372959 0.00140897 0.0547722 0.0508339 0.0548487
internal_weight=16490.8 12962 9514.2 2827.85 2253.3 3447.81 2272.44 1306.79 6686.35 612.702 1175.37 3528.76 4142.65 1640.6 391.131 574.556 3593.33 2543.7 915.656 1949.01 965.655 1579.76 1511.87 2362.66 1229.85 841.69 178.758 180.076 811.511 668.075
internal_count=53919 43038 32223 9891 7982 10815 7303 4063 22332 2053 3512 10881 14059 5929 1284 1909 12297 8273 2779 5881 3240 5000 4637 7739 3848 2581 632 525 2343 1904
is_linear=0
shrinkage=0.05


Tree=7
num_leaves=31
num_cat=0
split_feature=37 37 2 28 27 28 29 15 3 15 3 16 3 29 31 35 34 39 39 33 31 15 35 35 25 29 35 44 53 27
split_gain=312.11 165.205 155.849 138.457 206.325 84.8668 97.7271 71.8759 59.0066 56.6134 54.4714 50.0651 48.0789 45.6164 42.2364 41.0776 38.29 36.6863 35.9469 34.1343 33.0199 33.0199 27.6264 31.3208 26.555 24.8868 24.6892 23.5724 22.1054 21.4239
threshold=-0.99035000801086415 -1.0000000180025095e-35 0.65689852833747875 0.065865002572536482 -0.07004500180482863 0.045564999803900726 -0.054095000028610223 1.0732499957084658 0.92154043912887584 1.0590500235557558 0.59974718093872081 1.013950049877167 1.0580554008483889 -0.098805002868175493 -0.15617999434471128 2.5000000000000004 50.500000000000007 0.84405001997947704 0.00074999997741542767 1.1250500082969668 0.092555001378059401 1.1410500407218935 22.500000000000004 26.000000000000004 2.0055500268936162 -0.076319999992847429 1.0000000180025095e-35 0.05295000039041043 0.78435000777244579 -0.07004500180482863
decision_type=2 2 2 2 2 2 2 2 2 2 2 2 2 2 2 2 2 2 2 2 2 2 2 2 2 2 2 2 2 2
left_child=3 2 7 4 12 6 20 14 -5 10 -6 -8 18 27 25 -12 -16 -15 -1 29 -4 -10 -7 -24 -20 -2 -9 -14 -21 -3
right_child=1 19 5 8 9 22 11 26 21 -11 15 -13 13 17 16 -17 -18 -19 24 28 -22 -23 23 -25 -26 -27 -28 -29 -30 -31
leaf_value=0.017568765736398175 0.046084573807426969 -0.036541635077296436 0.028890191140311841 0.062926687470721374 0.033093386335384174 0.036878916368657852 0.0060413834507545075 -0.046090478082121432 0.032623476048890841 0.031926852714312268 -7.7447156221509706e-05 0.019546113856307102 0.060090425511631587 0.028722933112546412 0.013569479330669796 0.01691942010031634 0.0012350361995939719 -0.019867586151099181 0.063987443356991677 -0.051812246837115376 0.056168458502533873 0.050441316323918461 0.0088376254472130444 0.042061036060001999 0.037761243870234246 0.015129321082519465 0.03561955773124352 0.024722682898502681 0.0006019724913694023 -0.0012451628453956183
leaf_weight=63.594364807009697 87.94266802072525 52.565279260277748 619.32541452348232 256.51443502306938 466.5747075676918 986.41398990154266 1245.7587656378746 9.5750376284122449 1087.7137793302536 774.95988850295544 404.76918745040894 1528.114651158452 181.32603266835213 409.24380184710026 864.30876323580742 2918.831195011735 2313.0235382467508 42.919428706169128 385.30579227209091 88.661064401268959 135.14721468091011 341.70390702784061 212.15807889401913 106.57390144467354 128.77878102660179 248.11984919011593 268.02586016058922 63.648922428488731 26.019277304410934 236.02986046671867
leaf_count=199 262 208 1942 701 1470 3024 4301 37 3323 2398 1411 5006 499 1269 2922 9654 8146 155 1052 367 383 959 705 321 382 836 834 198 96 859
internal_value=0.0207038 0.0144353 0.0158979 0.0282233 0.0245794 0.0218504 0.0178209 0.00830843 0.0408454 0.019613 0.0170953 0.0134811 0.042364 0.0335249 0.0063732 0.0148494 0.00459029 0.0241107 0.0530309 -0.016844 0.0337765 0.0368829 0.0327438 0.0199465 0.0574178 0.0232299 0.0328012 0.0509012 -0.0399202 -0.00767413
internal_weight=16553.6 9027.76 8624.49 7525.88 5839.95 4833.49 3528.35 3791 1685.93 4565.13 3790.18 2773.87 1274.82 697.138 3513.39 3323.6 3177.33 452.163 577.679 403.275 754.473 1429.42 1305.15 318.732 514.085 336.063 277.601 244.975 114.68 288.595
internal_count=53919 30249 28719 23670 18687 15682 11632 13037 4983 14933 12535 9307 3754 2121 12166 11065 11068 1424 1633 1530 2325 4282 4050 1026 1434 1098 871 697 463 1067
is_linear=0
shrinkage=0.05


Tree=8
num_leaves=31
num_cat=0
split_feature=37 13 3 37 28 29 23 13 8 37 29 5 9 28 29 29 13 9 53 29 21 35 15 28 13 31 16 13 1 28
split_gain=284.904 202.036 128.957 114.152 120.964 128.985 85.7351 83.514 81.358 58.723 82.2445 45.5125 39.5523 56.9669 34.764 42.8243 34.493 33.3072 33.2964 26.45 24.1736 22.3212 21.3386 20.7613 20.8557 20.0782 19.215 18.5895 38.8727 18.1187
threshold=-1.3890500068664549 0.21097999811172488 0.80619955062866222 -0.093150001019239412 0.062644999474287047 -0.058860000222921365 -74.014999389648423 0.46018500626087194 0.047459781169891364 1.0000000180025095e-35 -0.077879998832941041 -504.67536926269526 3.5000000000000004 0.053504999727010734 -0.087274998426437364 0.14107500016689303 1.8728950023651125 1.5000000000000002 1.0000000180025095e-35 -0.06064499914646148 13.610000133514406 2.5000000000000004 1.1472499966621401 0.053934998810291297 3.9199100732803349 0.04267499968409539 0.93575000762939464 120.05353164672853 0.64808553457260143 -0.054774999618530266
decision_type=2 2 2 2 2 2 2 2 2 2 2 2 2 2 2 2 2 2 2 2 2 2 2 2 2 2 2 2 2 2
left_child=2 6 23 4 5 16 -2 12 -7 10 -8 -12 13 18 -9 21 -3 22 -4 -14 -19 -16 -6 24 -1 -21 -15 29 -29 -5
right_child=1 3 7 27 17 8 9 14 -10 -11 11 -13 19 26 15 -17 -18 20 -20 25 -22 -23 -24 -25 -26 -27 -28 28 -30 -31
leaf_value=0.048840567679258602 -0.07034606972384784 0.03264564075355713 0.07006872903114246 -0.02888308125126747 0.022677698513508097 0.013272030450027658 0.032023873140115997 0.062005134754110437 0.026041723541744617 -0.028871973755976735 0.082387063643301534 0.0052566495849284316 0.048670869858873693 0.054055238229636697 0.011056234916181644 0.055807592940559994 0.062696006528861772 0.016755293463672719 0.0046845168670057715 0.011943669521896618 0.048402340731062608 0.032813254845131166 0.053893160023987766 0.065761484712116208 0.0098115205288290975 0.037230733656320833 0.024444720269284258 -0.069400160680856887 -0.0025661605684453776 0.0052803613001539441
leaf_weight=470.21226896345615 36.181402862071991 885.08172696828842 20.010460212826729 45.024652898311615 397.37798811495304 4871.2476519495249 326.61629629135132 120.91574463248253 1676.6422452479601 110.70543642342091 19.238974303007126 3250.7941391468048 162.13177661597729 62.073614716529846 134.54896032810211 190.7117945253849 107.04202008247375 68.013133600354195 722.42655004560947 167.1678651124239 534.94267798960209 951.82851369678974 63.495691135525703 180.10203817486763 36.915742084383965 147.99722200632095 466.82198576629162 32.110124751925468 67.474870875477791 281.17216326296329
leaf_count=1346 163 2694 56 177 1254 16267 1002 323 5286 443 53 11282 454 178 435 517 292 215 2471 543 1542 2884 177 474 117 446 1455 138 244 991
internal_value=0.0196027 0.0160147 0.0315564 0.0200637 0.0213143 0.0190874 0.00624846 0.0272709 0.0165418 0.00699598 0.0081 0.00571044 0.0199875 0.01538 0.036381 0.0339548 0.0358878 0.0370977 0.00644678 0.0322603 0.0448326 0.0301186 0.0269783 0.0511785 0.0459995 0.0238181 0.0279199 -0.00520774 -0.0241161 0.000564812
internal_weight=16607 12773.2 3833.86 9029.62 8603.84 7540.01 3743.54 3146.63 6547.89 3707.35 3596.65 3270.03 1748.63 1271.33 1398.01 1277.09 992.124 1063.83 742.437 477.297 602.956 1086.38 460.874 687.23 507.128 315.165 528.896 425.782 99.585 326.197
internal_count=53919 42220 11699 29277 27727 24539 12943 9762 21553 12780 12337 11335 5603 4160 4159 3836 2986 3188 2527 1443 1757 3319 1431 1937 1463 989 1633 1550 382 1168
is_linear=0
shrinkage=0.05


Tree=9
num_leaves=31
num_cat=0
split_feature=37 13 2 9 37 28 29 29 7 8 18 37 15 30 8 24 18 18 21 9 21 30 28 3 18 21 28 34 3 30
split_gain=256.98 153.485 140.199 92.1605 82.4268 72.1758 79.4767 65.7966 65.0176 64.6862 75.7062 55.1867 73.6929 52.9944 49.4485 45.6137 43.1837 41.9008 40.1499 40.1484 39.3782 31.4435 26.8882 25.0846 24.7951 23.3951 23.2946 22.1475 21.8897 20.9562
threshold=-0.99035000801086415 0.44855499267578131 0.64435660839080822 3.5000000000000004 -1.0000000180025095e-35 0.045564999803900726 -0.054095000028610223 -0.051125001162290566 43.253374099731452 -0.10147276520729064 1.24414998292923 -0.26815000176429743 1.081649959087372 -0.10639499872922896 -0.098805546760559068 0.15468499809503558 0.84854999184608471 1.013950049877167 13.510000228881838 1.5000000000000002 13.889999866485597 0.093764998018741622 0.05436499975621701 0.41949599981307989 1.24414998292923 13.734999656677248 0.074374999850988402 61.500000000000007 0.89161017537117015 -0.039914999157190316
decision_type=2 2 2 2 2 2 2 2 2 2 2 2 2 2 2 2 2 2 2 2 2 2 2 2 2 2 2 2 2 2
left_child=1 3 11 8 5 6 24 28 14 -3 18 12 13 -2 -1 -16 -10 -8 22 -7 -20 -15 -11 -9 -4 -21 -18 -6 -5 -13
right_child=2 9 4 7 27 19 17 23 16 10 -12 29 -14 21 15 -17 26 -19 20 25 -22 -23 -24 -25 -26 -27 -28 -29 -30 -31
leaf_value=0.027818886868350517 0.025371644598918355 0.058317429282853987 0.028080893105311033 0.061514875843236054 -0.00066648278433822841 0.019674480645875219 0.0053529062295522359 0.06113936014095056 0.061914669268368028 0.0046016379641519297 0.051278787594892794 0.0049434456557668222 0.039318987923418029 0.0028012778731498125 -0.0083182350880753875 0.020822467706151617 0.01586042921535755 0.017538185387565967 0.05373543848880518 0.016317839067456361 0.029182336148157115 0.023426230878409417 0.02872285269246615 0.019820337380279222 0.069863907869465891 0.040924273857690402 0.031408953059459538 -0.036623080791180915 0.037880280019887969 -0.017591483452387851
leaf_weight=170.97809852659702 327.53593464195728 238.74846893548965 736.2120830565691 156.37090896070004 107.10618282854557 583.92272025346756 1288.8841405510902 38.735953733325005 57.758536040782928 266.88548319041729 413.77424573898315 152.81005370616913 177.95920620858669 2767.9886576384306 607.13951127231121 172.42444863915443 1705.2977990061045 1558.6290191709995 176.94343854486942 113.97724379599094 2117.6885245293379 198.01241268217564 203.72116628289223 710.08400943875313 37.305641874670982 633.49858582019806 280.51397213339806 71.358475416898727 262.30290931463242 317.5637731552124
leaf_count=531 1041 641 2268 419 389 1862 4431 107 157 894 1131 546 534 9637 2167 556 5588 5076 507 363 6484 637 617 2265 97 1875 845 288 761 1205
internal_value=0.0185699 0.0253656 0.0128927 0.0189176 0.0183406 0.0195436 0.0158835 0.0308333 0.0142713 0.033217 0.0313319 0.00580153 0.00797924 0.00628586 0.00346791 -0.00187288 0.0192964 0.0120227 0.0283472 0.0294981 0.0310757 0.00417821 0.0150435 0.0219577 0.030096 0.0371722 0.0180568 -0.0150436 0.0467076 -0.0102706
internal_weight=16652.1 7579.37 9072.76 4161.61 5130.89 4952.43 3621.03 1167.49 2994.11 3417.76 3179.01 3941.87 3471.5 3293.54 950.542 779.564 2043.57 2847.51 2765.24 1331.4 2294.63 2966 470.607 748.82 773.518 747.476 1985.81 178.465 418.674 470.374
internal_count=53919 23670 30249 13396 16649 15972 11872 3552 9844 10274 9633 13600 11849 11315 3254 2723 6590 9507 8502 4100 6991 10274 1511 2372 2365 2238 6433 677 1180 1751
is_linear=0
shrinkage=0.05


Tree=10
num_leaves=31
num_cat=0
split_feature=13 37 13 29 28 29 15 37 36 45 37 16 16 21 37 22 12 3 21 21 35 21 30 5 13 29 3 54 3 37
split_gain=234.353 148.616 109.382 97.984 86.3531 74.1037 87.1627 70.4653 59.9236 163.537 54.539 51.9848 49.2824 45.4993 40.0545 39.4086 34.1415 40.3713 32.7643 30.8309 29.2699 22.5669 28.5171 23.5348 21.5471 21.2248 19.5496 18.2714 18.1245 22.4099
threshold=0.38185499608516699 -0.79734998941421498 1.8728950023651125 -0.076319999992847429 0.052604999393224723 -0.065825000405311571 1.097850024700165 -1.0000000180025095e-35 0.99994999170303356 0.84264999628067028 -0.29764999449253077 1.1355499625205996 1.0170499682426455 13.635000228881838 -1.7127500176429746 4.438349962234498 -0.10200499743223189 1.0034695267677309 13.574999809265138 13.75500011444092 7.5000000000000009 21.215000152587894 -0.12968999892473218 -13.048608303070067 4.7567949295043954 -0.043895000591874116 0.97796022891998302 1.2143500447273257 0.80619955062866222 -0.76274999976158131
decision_type=2 2 2 2 2 2 2 2 2 2 2 2 2 2 2 2 2 2 2 2 2 2 2 2 2 2 2 2 2 2
left_child=3 2 5 10 8 13 18 11 12 -10 21 16 14 -2 -5 25 17 -3 -7 -15 -14 22 27 -24 -18 -9 -8 -1 29 -6
right_child=1 7 -4 4 28 6 26 15 9 -11 -12 -13 20 19 -16 -17 24 -19 -20 -21 -22 -23 23 -25 -26 -27 -28 -29 -30 -31
leaf_value=0.054417870868380583 -0.018683896059667759 0.012081581477964322 0.045407895872599809 0.021890601368369841 0.046154892803157307 0.0082762123875179307 0.06427487362925427 -0.046067380503242994 0.0066496698564188078 -0.068652940639978441 -0.0033051968455313999 0.027636133518561597 0.0040702186993346315 0.08734531511218202 0.0030913960371894093 -0.04010152779212537 0.0035392422378104841 0.028359997744919485 0.021650975371797249 0.042548382580820256 0.019357825413126202 0.0060151700400202582 0.019624898219048309 0.047389493156781093 0.060136293371083331 0.010770786207866213 0.036433756527044191 0.0094751670722391327 0.017864107594082655 0.014192667758243816
leaf_weight=210.3089072406292 28.426901653409004 1226.0272907316685 779.98298424482346 308.19824966788292 137.13135965168476 552.18208752572536 70.818408966064453 18.854045003652573 275.66371193528175 97.637406095862389 122.99065187573433 831.91302847862244 432.49274775385857 41.997956484556198 3513.365925848484 80.535607561469078 790.63041390478611 552.52960281074047 2681.6927404999733 449.42739881575108 1134.1749873310328 70.239902481436729 271.775210916996 106.13093115389347 17.182184994220734 127.48750494420528 575.0021555274725 25.339572429656982 1072.8446537405252 91.38914942741394
leaf_count=580 98 4061 2211 978 400 1826 188 76 944 446 437 2538 1472 101 12143 332 2672 1738 8467 1277 3702 229 845 302 50 444 1663 80 3406 301
internal_value=0.0171134 0.0227078 0.0281511 0.0108402 0.00895455 0.0250917 0.0227164 0.0149731 0.00632702 -0.0130458 0.0273477 0.0167641 0.00766919 0.0428191 0.0046075 -0.012011 0.0132671 0.0171387 0.0193672 0.0463768 0.0151375 0.0328611 0.0359344 0.0274223 0.00474306 0.00344799 0.0394867 0.0495851 0.0205874 0.0333727
internal_weight=16694.4 8824.69 5179.53 7869.68 7062.9 4399.55 3879.7 3645.16 5761.53 373.301 806.785 3418.28 5388.23 519.852 3821.56 226.877 2586.37 1778.56 3233.87 491.425 1566.67 683.795 613.555 377.906 807.813 146.342 645.821 235.648 1301.37 228.521
internal_count=54007 27742 15831 26265 23792 13620 12144 11911 19685 1390 2473 11059 18295 1476 13121 852 8521 5799 10293 1378 5174 2036 1807 1147 2722 520 1851 660 4107 701
is_linear=0
shrinkage=0.05


Tree=11
num_leaves=31
num_cat=0
split_feature=13 37 9 13 28 27 9 27 37 37 17 17 28 35 18 13 35 35 37 22 34 0 40 35 14 21 35 30 44 35
split_gain=210.625 135.152 110.705 97.3108 94.0548 89.3218 73.6405 69.8141 65.6017 61.7242 57.1728 56.7226 47.6971 59.9929 46.2077 42.3103 40.6291 57.8977 36.5445 35.0832 34.4356 34.1704 33.6391 41.2814 32.9926 30.2986 30.2555 41.1909 37.3626 29.6762
threshold=0.38613998889923101 -0.79734998941421498 3.5000000000000004 1.8728950023651125 0.039175000041723258 -0.044354999437928193 3.5000000000000004 -0.069244999438524232 -0.018350000493228432 -1.0000000180025095e-35 0.91595000028610241 1.097850024700165 -0.0070350000169128171 6.5000000000000009 1.1355499625205996 0.17614499479532245 6.5000000000000009 23.500000000000004 -0.26815000176429743 4.438349962234498 41.500000000000007 2.5423246622085576 1.0000000180025095e-35 5.0000000000000009 1.2296499609947207 14.670000076293947 10.500000000000002 -0.061225000768899911 0.10774999856948854 16.500000000000004
decision_type=2 2 2 2 2 2 2 2 2 2 2 2 2 2 2 2 2 2 2 2 2 2 2 2 2 2 2 2 2 2
left_child=2 3 4 6 7 22 10 8 -1 14 29 -12 13 -9 21 18 20 -18 -7 -11 -6 25 26 -24 -14 -3 28 -28 -4 -2
right_child=1 9 5 -5 16 15 -8 12 -10 19 11 -13 24 -15 -16 -17 17 -19 -20 -21 -22 -23 23 -25 -26 -27 27 -29 -30 -31
leaf_value=0.023147120434896671 0.055004437847610825 0.0038262550589711584 -0.013338052270130657 0.043011259489710747 0.023588762506408317 0.0044355562007973408 0.034994415459643866 0.012289883883601738 -0.026338175178613022 0.0032708881604368968 0.015295584340289131 0.033980644407997244 -0.00042791136308194082 -0.011841070977747819 0.026113740741571086 0.020383953195039949 0.02478696300164069 -0.00086469270866617307 -0.04574286146329918 -0.038140696264276415 -0.0034980375460449513 0.04967536594309839 0.061089244437770966 0.030145519801530601 0.014483438403135668 0.015502268856237168 0.044377977188477677 0.0098061913712892898 0.039924599475844008 0.013542661739454225
leaf_weight=560.99568957090378 167.82592718303204 829.89365611970425 104.57692256569862 782.21007378399372 164.33321709930897 541.61397255957127 1108.5780246257782 322.62694172561169 76.052933439612389 146.44011247158051 2551.3964737355709 483.0721537321806 966.52980689704418 1277.2637388855219 828.80035631358624 554.77150765061378 1171.5521000474691 270.82448810338974 38.89051516354084 78.592553868889809 410.28676743805408 60.482388645410538 161.68263781070709 323.31397561728954 602.00783912837505 1681.1425749510527 207.90601289272308 147.13122008740902 48.055452287197113 58.097018629312515
leaf_count=1748 456 2802 361 2211 520 1845 3274 1095 300 520 8176 1398 3371 4633 2521 1772 3686 914 161 328 1410 173 439 984 2021 5478 601 485 143 181
internal_value=0.0162244 0.0215645 0.0103294 0.0267698 0.00676259 0.0200891 0.023862 0.00213607 0.0172394 0.0141685 0.0200768 0.0182702 -0.000900626 -0.00697493 0.0158469 0.0105101 0.0154915 0.0199705 0.00107389 -0.0111921 0.00424841 0.0125379 0.0310442 0.0404612 0.00529509 0.0116434 0.0220478 0.0300511 0.0034314 0.0443424
internal_weight=16726.9 8776.53 7950.42 5151.18 5822.47 2127.94 4368.97 3805.48 637.049 3625.35 3260.39 3034.47 3168.43 1599.89 3400.32 1135.28 2017 1442.38 580.504 225.033 574.62 2571.52 992.666 484.997 1568.54 2511.04 507.67 355.037 152.632 225.923
internal_count=54007 27518 26489 15696 19698 6791 13485 13168 2048 11822 10211 9574 11120 5728 10974 3778 6530 4600 2006 848 1930 8453 3013 1423 5392 8280 1590 1086 504 637
is_linear=0
shrinkage=0.05


Tree=12
num_leaves=31
num_cat=0
split_feature=13 37 13 9 37 23 37 6 27 28 0 37 29 12 25 6 39 0 0 28 24 16 22 48 1 0 21 49 21 34
split_gain=190.837 131.338 109.967 112.276 82.6928 73.6497 66.1826 55.6638 53.1949 63.1916 48.9659 44.1756 62.1674 49.6859 43.0158 40.762 36.9421 59.7538 33.6119 31.2659 30.8162 30.3493 33.4764 27.1927 29.5143 26.6321 21.9609 20.7416 20.3633 19.7143
threshold=0.21097999811172488 -0.79734998941421498 1.8728950023651125 3.5000000000000004 -1.3596499562263487 -72.215000152587876 -1.0000000180025095e-35 1.0000000180025095e-35 -0.08091500028967856 -0.0070350000169128171 1.0034627318382265 -0.33464999496936793 -0.079544998705387102 -0.19747499376535413 1.1128500103950503 -0.0021168024977669115 0.060650000348687179 0.39253896474838262 0.57816275954246532 0.033785000443458564 0.44417499005794531 1.24414998292923 3.9176999330520634 0.3981000036001206 1.6231369376182558 0.42334389686584478 13.610000133514406 0.55579999089241039 13.635000228881838 145.50000000000003
decision_type=2 2 2 2 2 2 2 2 2 2 2 2 2 2 2 2 2 2 2 2 2 2 2 2 2 2 2 2 2 2
left_child=4 2 3 8 16 -6 10 15 28 -10 14 12 -7 20 18 -5 -1 27 -3 -14 -13 22 -12 -8 -25 -9 -19 -18 -2 -29
right_child=1 6 -4 7 5 11 23 25 9 -11 21 13 19 -15 -16 -17 17 26 -20 -21 -22 -23 -24 24 -26 -27 -28 29 -30 -31
leaf_value=0.037928568492311805 -0.0034023937624360827 0.01040758160135157 0.040786504935844618 0.028558986765200568 -0.063283279025377212 0.030248701208538925 0.010306615481557008 0.013160192836249592 0.0051180058432232292 0.01899409527316465 0.014004643069507853 -0.0081071600179584563 0.00046280893724524337 -0.046780403423707977 -0.00027020334570694343 0.052463432948801104 -0.027772404762590311 -0.0085070397706665715 0.024092054703846396 0.011192375839504014 0.04075880513490087 0.042414092937454732 0.033622352101551838 -0.042202543544214238 -0.0017296496092230502 0.030870310787608803 0.026484754513279848 0.013364925998907713 0.039067535947154793 -0.01425863759473507
leaf_weight=204.54987017810345 30.85781729221344 1895.1071443557739 783.59334625303745 306.36329694092274 40.928860381245613 246.53314964473248 94.451742619276047 351.48938961327076 1098.4825563579798 3241.9210999161005 822.82625345885754 295.59077531099319 1984.0170760303736 79.510464668273926 715.02125957608223 426.74835626780987 63.957484617829323 48.602001994848251 587.93014191091061 1032.1980322748423 36.215938091278076 160.90205231308937 295.57878279685974 93.987403810024261 86.501929238438606 535.96225428581238 579.17611959576607 185.369788184762 330.72297769784927 99.130194410681725
leaf_count=601 101 6248 2211 920 188 734 336 1112 3675 10155 2644 1077 6943 336 2436 1179 232 167 1846 3438 112 455 891 397 310 1593 1778 598 948 346
internal_value=0.0153867 0.0188155 0.0231186 0.0209289 0.00708166 0.00341813 0.0123809 0.0322783 0.0170173 0.0154823 0.0138431 0.00416118 0.00610782 -0.0112804 0.010536 0.0424739 0.0186079 0.0145596 0.0136478 0.00413464 -0.00277355 0.0221104 0.0191893 -0.0114303 -0.0228054 0.0238559 0.0237757 -0.00204404 0.0354431 0.00373987
internal_weight=16754.2 11858.4 7106.14 6322.55 4895.78 3714.99 4752.31 1620.56 4701.98 4340.4 4477.37 3674.07 3262.75 411.317 3198.06 733.112 1180.79 976.236 2483.04 3016.22 331.807 1279.31 1118.41 274.941 180.489 887.452 627.778 348.457 361.581 284.5
internal_count=54007 37457 21894 19683 16550 12828 15563 4804 14879 13830 14520 12640 11115 1525 10530 2099 3722 3121 8094 10381 1189 3990 3535 1043 707 2705 1945 1176 1049 944
is_linear=0
shrinkage=0.05


Tree=13
num_leaves=31
num_cat=0
split_feature=13 37 9 29 37 16 28 8 9 29 28 2 13 22 35 35 36 6 35 2 37 33 27 12 6 29 9 28 37 22
split_gain=175.003 113.322 95.5351 100.825 81.718 99.0356 79.4851 76.7363 59.9317 52.0652 51.832 46.3119 41.9873 41.7945 36.4128 52.4941 34.5701 31.4444 42.5065 30.9649 30.1067 30.018 28.6214 27.9454 27.6677 24.6286 24.0296 23.5181 23.3188 22.9262
threshold=0.38613998889923101 -1.8835499882698057 3.5000000000000004 -0.04084499925374984 -0.31065000593662256 1.3190500140190127 0.039175000041723258 -0.07943487167358397 2.5000000000000004 -0.081215001642703996 0.04730499908328057 0.33039595186710363 0.17614499479532245 2.4682500362396245 6.5000000000000009 16.500000000000004 0.93494999408721935 -0.010196316987276076 10.500000000000002 0.69171446561813366 -0.29764999449253077 0.93725001811981212 0.0010950000141747298 -0.18398500233888623 0.0039300429634749898 -0.085124999284744249 1.0000000180025095e-35 -0.0061749999877065411 -0.44425000250339503 8.1829500198364276
decision_type=2 2 2 2 2 2 2 2 2 2 2 2 2 2 2 2 2 2 2 2 2 2 2 2 2 2 2 2 2 2
left_child=2 21 6 17 5 7 8 25 9 20 -9 29 -5 27 19 28 -11 18 -4 -8 -1 -2 -15 -20 -14 -3 -17 -6 -16 -10
right_child=1 4 3 12 13 -7 14 10 11 16 -12 -13 24 22 15 26 -18 -19 23 -21 -22 -23 -24 -25 -26 -27 -28 -29 -30 -31
leaf_value=0.032098813717185759 0.047327318315934785 0.045198497597131092 -0.0065103427172246812 0.00051840260320955766 -0.014127047753835732 0.043950708986255166 -0.0044007081724500045 0.012763215203568211 -0.024233066057969613 0.004683298309946262 0.022424727803016936 0.00060359173125235565 0.02498201591025169 0.0016946232811241909 0.029467083088979613 -0.0038678877866490866 -0.019331724093033915 0.041134149788346272 0.033819472468048943 0.020760914366971292 -0.0053978890706856478 0.028450505627181863 -0.030323756691450394 -0.048412527016169438 0.0018740025611101913 0.025861917738439672 0.015573270929000774 0.017464114507531502 -0.001508861252471731 0.010998177883618655
leaf_weight=259.14875450730324 375.95120444893837 275.51960761845112 100.12585599720478 647.95315678417683 72.639975756406784 380.69942285120487 400.18702180683613 4133.964349642396 409.9871896058321 2233.5303124934435 2090.0126177370548 626.14801299571991 464.86307606101036 143.12590989470482 721.92446951568127 265.85238312184811 160.63363094627857 432.88718670606613 298.49059425294399 176.06990736722946 67.469593778252602 478.84479254484177 136.22938691079617 10.702068910002707 179.57350420951843 409.3043969720602 395.24647752940655 311.75199854373932 66.340150400996208 52.036789759993553
leaf_count=766 1032 758 335 2236 261 1047 1375 13372 1534 7657 6364 2172 1447 492 2210 900 618 1247 888 555 244 1404 539 40 598 1238 1260 1011 230 177
internal_value=0.0145961 0.0194535 0.00922746 0.0182784 0.0175942 0.0191235 0.00591617 0.0177555 0.00166033 0.00562674 0.0160076 -0.00825697 0.00950614 0.000798259 0.0139188 0.0181458 0.00307204 0.0317396 0.0218041 0.00328719 0.0243531 0.0367528 -0.0139193 0.0309732 0.0185429 0.0336414 0.00775526 0.0114942 0.0268602 -0.020265
internal_weight=16777.2 8808.04 7969.17 2134.6 7953.25 7289.5 5834.57 6908.8 3808.95 2720.78 6223.98 1088.17 1292.39 663.747 2025.62 1449.36 2394.16 842.206 409.319 576.257 326.618 854.796 279.355 309.193 644.437 684.824 661.099 384.392 788.265 462.024
internal_count=54007 27518 26489 6791 25082 22779 19698 21732 13168 9285 19736 3883 4281 2303 6530 4600 8275 2510 1263 1930 1010 2436 1031 928 2045 1996 2160 1272 2440 1711
is_linear=0
shrinkage=0.05


Tree=14
num_leaves=31
num_cat=0
split_feature=37 13 3 37 30 30 30 13 23 21 37 7 36 15 8 37 21 29 48 48 1 13 39 0 25 2 24 0 25 0
split_gain=159.909 143.179 119.93 73.8073 90.022 90.0947 67.5015 59.4274 58.6324 49.2426 37.9856 38.7266 31.685 28.8118 28.9059 27.7073 32.1458 26.2287 25.0122 24.5293 25.9574 24.0605 22.9271 21.1996 19.8364 19.2642 18.2367 18.1776 21.8671 17.8418
threshold=-1.4608500003814695 0.21097999811172488 0.80619955062866222 -1.0000000180025095e-35 0.1205049976706505 -0.095435000956058488 -0.098904997110366807 0.46018500626087194 -72.215000152587876 14.860000133514406 -0.33464999496936793 39.310693740844734 0.98794999718666088 1.1410500407218935 -0.074364095926284776 -0.4002500027418136 18.644999504089359 -0.070585001260042177 0.32185000181198126 0.3981000036001206 1.6231369376182558 0.23873499780893329 0.0065500000491738328 0.68713590502738964 1.6860499978065493 0.9437411129474641 0.032320000231266029 1.0228618979454043 1.0647000074386599 0.21586780995130542
decision_type=2 2 2 2 2 2 2 2 2 2 2 2 2 2 2 2 2 2 2 2 2 2 2 2 2 2 2 2 2 2
left_child=2 6 29 4 5 21 15 22 -8 -7 11 -10 -12 14 -9 16 17 -2 -18 -5 -21 -3 -4 -24 -25 -17 -16 28 -6 -1
right_child=1 3 7 19 27 9 8 13 10 -11 12 -13 -14 -15 26 25 18 -19 -20 20 -22 -23 23 24 -26 -27 -28 -29 -30 -31
leaf_value=0.030113842858375473 0.045162614227174366 0.062664909492844256 0.05205396232422739 0.0096956290337252577 0.027050442989032138 0.005301876580208636 -0.058564724796472789 0.043724380642659023 -0.0059886249219856247 0.014368529818353064 -0.010497920986856727 0.0065208407133573905 -0.061457211135758395 0.043169016329552751 0.013952602077407825 -0.010030866288613816 -0.0053003839108970068 0.019474392109044857 0.051112282793266489 -0.040245046028313941 -0.0021223007849247174 0.02647269963552535 0.007516301972085024 0.033663181212407363 0.013245702130776395 0.02579944073050763 0.028640883542209263 0.035454127121789768 0.0063576326113807206 0.049873127908096011
leaf_weight=157.76120726764202 161.08287106454372 48.572686120867729 36.381642729043961 94.711310967803001 685.33700206875801 2170.3915027678013 41.979375511407852 154.1379960924387 904.66195368766785 4830.8681055009365 218.1310860812664 1957.1845843195915 35.462315142154694 235.97286203503609 495.30137477815151 134.83629864454269 135.39939863979816 259.36432638764381 22.984394624829292 92.168309286236763 86.609105378389359 841.29227764904499 985.85501964390278 175.18509542942047 370.64951571822166 51.973790436983109 368.57622192800045 471.82728481292725 156.89946559071541 414.17311325669289
leaf_count=458 450 132 102 336 2050 7180 195 421 3208 15478 809 6641 169 642 1527 485 463 836 67 397 310 2537 3202 514 1163 164 1089 1354 500 1128
internal_value=0.0138502 0.011395 0.0235448 0.0147198 0.0154803 0.0134626 0.00336175 0.0193135 0.000132057 0.0115579 0.000922974 0.00256646 -0.017624 0.0274272 0.0237783 0.0166806 0.0220842 0.0293161 0.00288613 -0.0108774 -0.0217764 0.0284482 0.0128251 0.0118933 0.0197987 -6.22566e-05 0.0202194 0.0275971 0.0231956 0.0444228
internal_weight=16795.7 13401.7 3393.99 9478.68 9205.19 7891.12 3923.06 2822.06 3157.42 7001.26 3115.44 2861.85 253.593 1253.99 1018.02 765.641 578.831 420.447 158.384 273.489 178.777 889.865 1568.07 1531.69 545.835 186.81 863.878 1314.06 842.236 571.934
internal_count=54007 43761 10246 30274 29231 25327 13487 8660 11022 22658 10827 9849 978 3679 3037 2465 1816 1286 530 1043 707 2669 4981 4879 1677 649 2616 3904 2550 1586
is_linear=0
shrinkage=0.05


Tree=15
num_leaves=31
num_cat=0
split_feature=37 34 3 37 31 17 17 8 28 30 35 23 31 28 9 37 13 1 0 30 21 39 14 34 3 46 12 28 27 28
split_gain=184.172 118.113 84.6881 73.0391 72.6565 67.6828 66.6723 50.431 53.4707 46.7211 43.4497 71.803 42.6886 37.9015 35.8266 27.8964 27.5826 26.6804 26.5812 26.4159 25.1509 24.9435 22.899 22.2228 20.6327 21.9711 20.2883 19.2616 23.0947 40.1967
threshold=-1.2495500445365904 37.500000000000007 0.80619955062866222 -0.093150001019239412 -0.17920000106096265 1.1051500439643862 1.0692500472068789 -0.08085575699806212 0.042334999889135368 -0.12373499944806098 6.5000000000000009 21.085000038146976 0.085704997181892409 -0.0098950001411139948 1.5000000000000002 -0.31065000593662256 1.042200028896332 -0.64091858267784108 0.84655323624610912 0.087195001542568221 13.610000133514406 0.059350000694394119 1.6162499785423281 1.0000000180025095e-35 0.85603234171867382 1.0000000180025095e-35 -0.18101499974727628 0.060954999178648002 -0.052544999867677682 -0.014525000005960463
decision_type=2 2 2 2 2 2 2 2 2 2 2 2 2 2 2 2 2 2 2 2 2 2 2 2 2 2 2 2 2 2
left_child=2 7 27 4 17 9 12 15 10 16 11 -9 -6 -12 23 -2 -4 -3 21 -20 -16 -11 -19 -10 25 -5 -26 28 -1 -30
right_child=1 3 5 24 6 -7 -8 8 14 18 13 -13 -14 -15 20 -17 -18 22 19 -21 -22 -23 -24 -25 26 -27 -28 -29 29 -31
leaf_value=0.039342575186967786 0.034670536882028993 0.079938494850524414 0.029137313388417616 0.0093796374814871276 0.0016659779884791389 0.033560888503510175 0.021692195452763744 -0.0063763189653497712 0.032800525848799882 0.024480134259814341 -0.0013365386319206614 0.030811317894558855 0.014555552268492984 0.011573450242961287 0.0084526613221670172 0.005790839668639444 0.074337849744626538 0.018563536599974326 0.016956166530207886 0.038746391799246049 0.030534751731544182 0.0093152857318903499 0.051102099436089891 0.0086607002319025999 -0.012750482629304073 -0.02370704638479245 -0.045620739593991211 0.049596119429534007 -0.0036800042981912913 0.033602401352240609
leaf_weight=419.84781274199486 470.7544874548912 23.232080966234207 213.41563573479652 120.95813851058483 4296.8145538568497 622.5339762866497 565.80289848148823 175.13301134109497 113.16944424808025 312.43364927172661 893.63749341666698 501.49868243932724 755.26288744807243 1562.6587468832731 152.42369091510773 101.67948564887047 40.091524973511696 289.7176027148962 613.80165250599384 179.835703343153 837.21509081125259 2052.4990300089121 66.477071076631546 605.11937347054482 107.16625817120075 85.740956485271454 83.537457913160324 183.89052359759808 106.17475014925003 226.58721242845058
leaf_count=1178 1366 60 624 423 14687 1765 1734 601 328 957 3026 1534 2429 5079 486 343 98 916 1892 513 2482 6577 187 1946 410 329 375 490 353 668
internal_value=0.0134703 0.0100714 0.0215438 0.00547046 0.00684601 0.0183996 0.00541577 0.0155066 0.013847 0.0156334 0.00996707 0.021186 0.00359291 0.0068766 0.0209642 0.0295407 0.0362857 0.0280224 0.0139759 0.0218938 0.0271337 0.0113187 0.0246363 0.012464 -0.0152882 -0.00434507 -0.0271492 0.0350895 0.031545 0.0217067
internal_weight=16779.1 11808 4971.11 6394.71 5997.31 4034.61 5617.88 5413.29 4840.86 3412.08 3132.93 676.632 5052.08 2456.3 1707.93 572.434 253.507 379.427 3158.57 793.637 989.639 2364.93 356.195 718.289 397.403 206.699 190.704 936.5 752.61 332.762
internal_count=53856 38741 15115 21550 20013 12426 18850 17191 15482 10661 10240 2135 17116 8105 5242 1709 722 1163 9939 2405 2968 7534 1103 2274 1537 752 785 2689 2199 1021
is_linear=0
shrinkage=0.05


Tree=16
num_leaves=31
num_cat=0
split_feature=37 34 37 27 15 28 8 28 35 27 28 28 14 27 37 9 27 37 29 13 14 13 28 13 24 24 15 51 40 30
split_gain=166.849 117.712 74.8948 66.6471 72.7117 51.968 51.3317 62.356 50.4532 66.0993 48.6072 41.2118 37.962 35.8621 32.0309 28.3456 26.1394 25.2807 23.65 23.5428 22.0632 21.7764 21.1406 25.0976 21.1155 20.0145 24.1155 19.1718 17.53 17.1711
threshold=-1.6299499869346616 37.500000000000007 -0.093150001019239412 -0.072635002434253679 1.0206499695777895 0.065245002508163466 -0.08085575699806212 0.047584999352693565 6.5000000000000009 -0.028084999881684777 -0.0067549999803304664 0.13318500667810443 1.7621499896049502 -1.0000000180025095e-35 -0.0021499999566003676 1.5000000000000002 -0.07004500180482863 -0.31065000593662256 0.050245000049471862 3.9199100732803349 0.72904998064041149 2.9141550064086919 -0.011305000167340038 0.41429500281810766 -0.25681500136852259 0.019430000334978107 0.88284999132156383 0.0083449999801814573 1.0000000180025095e-35 0.026610000059008602
decision_type=2 2 2 2 2 2 2 2 2 2 2 2 2 2 2 2 2 2 2 2 2 2 2 2 2 2 2 2 2 2
left_child=11 6 3 22 5 -5 17 8 9 -8 -10 12 16 -6 15 -9 19 27 20 -1 -18 25 24 -24 -3 26 -14 29 -27 -2
right_child=1 2 -4 4 13 -7 7 14 10 -11 -12 -13 21 -15 -16 -17 18 -19 -20 -21 -22 -23 23 -25 -26 28 -28 -29 -30 -31
leaf_value=0.045894987008907935 0.025441588376311199 0.036654502845192977 -0.014606742440601945 0.0014328727069443609 0.022473226329125823 0.026681114989484136 0.030903396067895994 0.015624459907966208 0.00041462835878850054 0.0015593111043568442 0.013093552610788366 0.048885153889824097 0.036158400889055912 0.0093504249065223689 -0.014436199353268328 0.028739271602963419 0.039899356269293029 0.0054958763999377403 0.037307689327744774 -0.012893318086788119 0.01188293784166927 0.060899678672554636 -0.0082173648439631559 0.035170049158629764 0.00676203944111503 0.014677042025726839 0.0068393662748471949 0.050814978795307192 0.030755103224434976 0.061877794280939827
leaf_weight=292.87545880675316 446.60278898477554 311.17719180881977 395.2938229739666 4273.0297820419073 746.83419029414654 214.01198388636112 587.17621771991253 706.68276681005955 1316.1481876671314 285.08422686159611 1775.8895864784718 164.48304361104965 79.901002123951912 1718.827919498086 58.257092610001564 988.0475228279829 88.981443405151367 101.77720600366592 244.45027539134026 18.081435859203339 334.21818397939205 28.417027369141579 87.267460942268372 53.927608177065849 72.920765772461891 340.44875366985798 573.8346988260746 114.84339512884617 337.69445067644119 34.858725517988205
leaf_count=798 1318 893 1537 14569 2339 646 1776 2181 4416 951 5693 439 225 5548 215 2896 252 343 690 58 1062 73 292 157 228 1053 1808 314 995 91
internal_value=0.0127864 0.0107003 0.00660372 0.00772493 0.00642748 0.0026371 0.0157278 0.0141649 0.0106926 0.0213128 0.00769668 0.0246937 0.0229924 0.0133252 0.0220174 0.0232705 0.0305026 0.0285273 0.0249257 0.0424766 0.0177736 0.0175895 0.0248978 0.00835389 0.0309794 0.0166655 0.0104228 0.0324583 0.0226834 0.0280796
internal_weight=16792 14288.7 7873.29 7478 6952.7 4487.04 6415.37 5717.29 3964.3 872.26 3092.04 2503.39 2338.9 2465.66 1752.99 1694.73 978.607 698.082 667.65 310.957 423.2 1360.3 525.293 141.195 384.098 1331.88 653.736 596.305 678.143 481.462
internal_count=53856 46403 26209 24672 23102 15215 20194 18128 12836 2727 10109 7453 7014 7887 5292 5077 2860 2066 2004 856 1314 4154 1570 449 1121 4081 2033 1723 2048 1409
is_linear=0
shrinkage=0.05


Tree=17
num_leaves=31
num_cat=0
split_feature=37 34 3 37 15 15 30 29 28 30 35 23 51 15 9 5 0 12 13 21 53 13 22 22 16 8 39 28 27 28
split_gain=153.577 95.7929 75.2794 59.5056 58.8389 52.6534 54.4782 43.8044 51.3632 40.1839 39.9783 55.0718 37.9632 32.0572 31.1285 28.9911 27.5622 26.389 25.4411 24.7616 23.1332 23.0789 21.0309 20.1979 17.8558 17.6187 18.1093 16.9099 19.7768 35.8176
threshold=-1.2495500445365904 37.500000000000007 0.80619955062866222 -0.093150001019239412 1.1051500439643862 1.0692500472068789 -0.10279499739408492 -0.052565000951290124 0.041044998914003379 -0.12373499944806098 6.5000000000000009 23.185000419616703 -0.017800000496208664 1.0444499850273135 1.5000000000000002 -56.924751281738274 0.83112865686416637 -0.083384998142719255 1.042200028896332 13.610000133514406 0.80965000391006481 1.6649250388145449 2.9595500230789189 3.4060000181198125 1.013950049877167 -0.07943487167358397 0.11654999852180482 0.060954999178648002 -0.052544999867677682 -0.014525000005960463
decision_type=2 2 2 2 2 2 2 2 2 2 2 2 2 2 2 2 2 2 2 2 2 2 2 2 2 2 2 2 2 2
left_child=2 7 27 5 9 6 23 16 10 18 11 -9 -8 -12 20 17 25 -11 -4 -16 -10 -17 -5 -3 -18 -2 -27 28 -1 -30
right_child=1 3 4 22 -6 -7 12 8 14 15 13 -13 -14 -15 19 21 24 -19 -20 -21 -22 -23 -24 -25 -26 26 -28 -29 29 -31
leaf_value=0.036217464857328477 0.026423310048430255 0.012119839558899241 0.026329650356914508 -0.0037194382271282869 0.030708847757334908 0.0204048327648415 0.021877219638335083 -0.0065460814126966187 0.015425366204384956 0.0021255484681380562 0.0016695926059728926 0.027822644218903195 0.0016398416629159378 0.01814242991840196 0.0060427115270869323 0.012747047313139937 0.024601709940052147 -0.047809769543246262 0.06998799106028307 0.027315428817496747 -0.0056290778895340034 0.031761426316322415 -0.027010729960266475 0.030791849055340315 0.044265955018386212 0.014373599027219242 -0.016707470135464329 0.045957585455124093 -0.0040699792458700028 0.031103358432436851
leaf_weight=419.0066937059164 167.46145042777061 481.79872190952301 213.36208564043045 220.90628384053707 621.05680729448795 583.27309332787991 244.34350526332855 157.18045990169048 586.00908459722996 221.51912821829319 1777.4423687458038 451.00008301436901 4491.309005215764 354.19921091198921 161.61310274899006 2744.3169896751642 307.2269773632288 30.045953437685966 39.555181428790092 890.83564504981041 167.82612212002277 169.43717217445374 172.6806892156601 207.0822182148695 184.93119494616985 154.31515170633793 67.305440276861191 182.3453389108181 106.21015770733356 227.22218309342861
leaf_count=1178 500 1539 624 811 1765 1779 778 541 1832 713 5982 1372 15299 1104 516 8630 918 112 98 2641 554 484 726 618 514 484 233 490 353 668
internal_value=0.012139 0.00903922 0.0195105 0.00489613 0.0165514 0.00613002 0.00459512 0.0139259 0.0119482 0.0139791 0.00763288 0.0189403 0.00268402 0.00440676 0.0184937 0.0124467 0.0241284 -0.00383853 0.0331576 0.0240488 0.010738 0.0138527 -0.0139382 0.0177328 0.0319907 0.0141832 0.00493438 0.0322969 0.0289863 0.0198994
internal_weight=16802.8 11828.7 4974.08 6401.39 4039.29 6007.81 5424.53 5427.35 4546.11 3418.24 2739.82 608.181 4735.65 2131.64 1806.28 3165.32 881.24 251.565 252.917 1052.45 753.835 2913.75 393.587 688.881 492.158 389.082 221.621 934.784 752.439 333.432
internal_count=53856 38741 15115 21550 12426 20013 18234 17191 14542 10661 8999 1913 16077 7086 5543 9939 2649 825 722 3157 2386 9114 1537 2157 1432 1217 717 2689 2199 1021
is_linear=0
shrinkage=0.05


Tree=18
num_leaves=31
num_cat=0
split_feature=37 13 30 30 31 37 37 9 14 12 22 7 15 9 37 51 0 46 37 13 24 44 34 21 53 21 0 1 25 14
split_gain=140.852 98.2285 63.5314 75.1477 63.1071 78.3523 59.9175 41.1781 51.839 40.5193 39.7497 33.9365 27.4514 26.4622 25.2443 22.7483 22.1941 20.7276 20.6461 20.2873 19.8418 29.0076 19.387 17.8393 16.6764 16.0059 18.4379 24.0177 17.1675 15.4236
threshold=-1.6299499869346616 0.21391499787569049 -0.095435000956058488 0.1125600002706051 -0.15617999434471128 -0.33464999496936793 -0.131350003182888 3.5000000000000004 1.8845499753952029 -0.15115500241518018 3.9176999330520634 75.351127624511733 1.1051500439643862 3.5000000000000004 1.0000000180025095e-35 -0.020414999686181542 1.1572965383529665 1.0000000180025095e-35 -0.23340000212192533 1.5839900374412539 -0.0044599999673664561 -0.089050002396106706 1.0000000180025095e-35 13.184999942779543 0.56744998693466198 13.664999961853029 0.68186628818511974 -0.098924066871404634 1.4487499594688418 1.2296499609947207
decision_type=2 2 2 2 2 2 2 2 2 2 2 2 2 2 2 2 2 2 2 2 2 2 2 2 2 2 2 2 2 2
left_child=10 4 17 7 14 11 16 8 -4 -7 23 13 19 -6 -2 -9 -5 -3 29 20 21 -12 -8 -1 -22 -25 27 -27 -28 -19
right_child=1 2 3 6 5 9 22 15 -10 -11 12 -13 -14 -15 -16 -17 -18 18 -20 -21 24 -23 -24 25 -26 26 28 -29 -30 -31
leaf_value=0.0027539850183188807 0.020257069871599462 0.028010566876852574 0.004465440978967331 0.019607413689326312 0.00049753919548055857 -0.013417300964932936 0.053653107472381938 0.035209366621933774 0.016619582461593282 -0.056993750621314426 0.020562937424141087 -0.059449580526664561 0.030182011651239439 0.010455239270172471 -0.023087487853228891 0.013926371710082902 0.032758903197492001 0.0080293807468619915 -0.024183004783455087 0.038133614792855472 0.026063976429258034 -0.0033584593073906969 -0.014352358997101937 0.061887100184955746 0.01120466061866097 0.043715424018060618 0.059502615171286979 0.015592229100099811 0.033303859592817689 0.043250683871849771
leaf_weight=48.143318727612495 598.9060088545084 787.31874929368496 4578.0121173858643 1029.4892317503691 2432.0823235064745 200.27097727358341 11.325661689043043 136.24423456192017 1085.275557115674 72.71417348086834 209.17493084073067 21.735652282834053 385.11582598090172 919.40624165534973 35.587942212820053 1599.7925042808056 466.00536021590233 114.28338155150414 36.406596586108208 89.229825228452682 380.24026440083981 321.53211548924446 140.35971790552139 48.639988631010056 375.06780678033829 110.74527741968632 90.612325355410576 241.4030499458313 201.75815999507904 42.694412142038345
leaf_count=153 1875 2332 15044 3097 8360 754 33 400 3421 342 631 98 1092 3002 144 5024 1326 362 138 248 1135 1047 530 127 1169 310 235 733 573 121
internal_value=0.0115272 0.00961337 0.0123202 0.0110099 0.00327273 0.00074026 0.0206684 0.00885973 0.00679458 -0.0250246 0.022473 0.00282534 0.018383 0.00322921 0.0178259 0.0155967 0.0237055 0.024408 0.00974105 0.0150789 0.0134792 0.00607001 -0.0092747 0.0321853 0.0186852 0.0342295 0.0321422 0.0244365 0.0414235 0.0176088
internal_weight=16809.6 14307.9 10027.2 9046.5 4280.7 3646.21 1647.18 7399.32 5663.29 272.985 2501.66 3373.22 1760.36 3351.49 634.494 1736.04 1495.49 980.703 193.384 1375.24 1286.02 530.707 151.685 741.302 755.308 693.159 644.519 352.148 292.37 156.978
internal_count=53856 46403 31828 28875 14575 12556 4986 23889 18465 1096 7453 11460 5322 11362 2019 5424 4423 2953 621 4230 3982 1678 563 2131 2304 1978 1851 1043 808 483
is_linear=0
shrinkage=0.05


Tree=19
num_leaves=31
num_cat=0
split_feature=37 37 30 30 3 13 28 35 35 36 29 29 50 52 27 36 6 29 9 29 6 7 49 37 3 12 23 28 35 27
split_gain=128.408 78.7665 87.3837 84.4585 67.9831 52.7888 52.5141 122.786 60.6889 41.1751 31.1732 34.9599 28.7045 25.8121 26.2925 25.3107 22.1564 27.7847 40.7543 21.3141 20.1176 18.8162 18.789 18.3682 22.5223 17.0121 15.4586 15.4523 17.366 22.2396
threshold=-1.2495500445365904 -0.31065000593662256 0.1125600002706051 -0.10460500046610831 0.80619955062866222 0.48209001123905187 0.010174999944865705 6.5000000000000009 22.500000000000004 0.98794999718666088 -0.095429997891187654 0.1213200017809868 1.5000000000000002 1.5000000000000002 -0.074605002999305711 0.50940001010894786 1.0000000180025095e-35 0.052625000476837165 5.0000000000000009 -0.051835000514984124 1.0000000180025095e-35 40.277280807495124 0.51545000076293956 -0.65145000815391529 0.63262483477592479 -0.17786500602960584 -61.344999313354485 0.090065002441406264 6.5000000000000009 -0.060395000502467149
decision_type=2 2 2 2 2 2 2 2 2 2 2 2 2 2 2 2 2 2 2 2 2 2 2 2 2 2 2 2 2 2
left_child=4 2 3 13 27 16 7 -5 -8 15 -7 20 -11 -2 -15 21 17 18 -6 -4 -12 25 -18 24 -21 -3 -19 28 -1 -30
right_child=1 9 19 6 5 10 8 -9 -10 12 11 -13 -14 14 -16 -17 22 26 -20 23 -22 -23 -24 -25 -26 -27 -28 -29 29 -31
leaf_value=0.039814164364641504 0.0325623438329063 0.013669690166210899 0.051888145185352133 0.018634521887051454 0.002680676947536138 0.047306490848226246 0.013747946271417281 -0.0021271020250729971 -0.00013767723193168914 -0.060767286885162197 0.027863677471994398 0.035860046746102422 -0.0011780406940711721 0.036376617914889768 0.01130240639992851 0.031915363504422922 0.0086886202036087386 0.014675682925582479 0.021720631612762949 0.047759822887822295 0.013080076827090446 -0.006271973583716433 -0.010912524385629523 0.011231535761537001 0.021919184538500489 -0.044020681883617213 0.032103035732339122 0.048477642784336188 0.034747673848037515 0.015428985718903922
leaf_weight=216.57552917301655 342.25028817355633 205.99921968579292 58.317098841071129 906.24677996337414 893.99748788774014 109.87032726407051 3106.609087318182 3324.8832818567753 1053.8319726288319 51.626981928944588 296.4619923979044 279.07505249977112 33.209194704890251 127.59873124957085 578.74582482874393 54.484520852565765 301.26023049652576 288.0783952921629 409.91523133218288 96.485490664839745 1028.3474529236555 878.31671057641506 205.76297290623188 341.4952452480793 668.94239845871925 13.624009057879446 227.92337496578693 99.576433703303337 252.57580158114433 363.19424399733543
leaf_count=605 989 679 156 2887 2948 294 9919 11349 3500 258 860 773 118 361 1837 170 955 878 1219 266 3139 3156 694 1054 1989 53 666 265 707 1112
internal_value=0.0109468 0.00811549 0.00950827 0.00791372 0.0176897 0.014882 0.00624192 0.00231974 0.0102307 -0.00382299 0.0215414 0.0197764 -0.037441 0.0212926 0.015832 -0.00134818 0.00997752 0.0125527 0.00866633 0.0224265 0.0163883 -0.00299886 0.000733975 0.0208744 0.0251765 0.010091 0.0223735 0.0298632 0.0276363 0.0233531
internal_weight=16815.3 11842.7 10605.4 9440.17 4972.61 4040.69 8391.57 4231.13 4160.44 1237.26 1713.75 1603.88 84.8362 1048.59 706.345 1152.42 2326.94 1819.91 1303.91 1165.24 1324.81 1097.94 507.023 1106.92 765.428 219.623 516.002 931.922 832.346 615.77
internal_count=53856 38741 34307 30842 15115 12426 27655 14236 13419 4434 5066 4772 376 3187 2198 4058 7360 5711 4167 3465 3999 3888 1649 3309 2255 732 1544 2689 2424 1819
is_linear=0
shrinkage=0.05


Tree=20
num_leaves=31
num_cat=0
split_feature=28 27 37 28 27 37 28 7 34 39 31 35 31 37 5 53 55 16 51 51 27 22 13 2 52 31 37 7 3 35
split_gain=129.279 140.64 87.534 77.2742 91.6324 50.7354 50.8029 48.1575 43.8891 42.9321 40.4137 40.3408 36.9813 37.4176 33.8018 33.2387 31.2119 30.6604 28.941 27.6952 27.5793 27.0997 30.3333 23.0801 22.645 21.9192 21.5689 30.4546 28.3378 20.9923
threshold=0.056184999644756324 -0.060395000502467149 -0.018350000493228432 -0.0083749997429549677 -0.044354999437928193 -0.36529999971389765 0.10139000043272973 48.096336364746101 154.50000000000003 0.29285000264644628 -0.1605350002646446 6.5000000000000009 0.26101000607013708 -0.60705000162124623 -0.54425087571144093 0.99994999170303356 0.24055000394582751 1.056150019168854 -0.0047549998853355637 -0.0043949999380856744 -0.083784997463226304 1.8997499942779543 0.54111501574516307 0.9481000304222108 2.5000000000000004 -0.059564998373389237 -1.0240499973297117 77.638538360595717 0.76650971174240123 23.500000000000004
decision_type=2 2 2 2 2 2 2 2 2 2 2 2 2 2 2 2 2 2 2 2 2 2 2 2 2 2 2 2 2 2
left_child=1 2 9 4 11 6 15 14 12 16 24 18 13 -5 -6 29 20 -12 -3 -13 -1 -7 23 -23 -11 -9 28 -28 -10 -2
right_child=5 3 -4 8 7 21 -8 25 26 10 17 19 -14 -15 -16 -17 -18 -19 -20 -21 -22 22 -24 -25 -26 -27 27 -29 -30 -31
leaf_value=0.034834230737462391 0.018669305906297069 0.0027283310735319241 -0.021889887438974923 0.011919576073545409 -0.019461782836040699 0.014081682057104554 0.033469754666394701 0.046031438382319892 0.035974323698528786 0.036873536884690215 -0.0042928021913038244 0.014111775952899825 0.030063810781841328 0.0030514076365104597 0.0040899446892337403 0.047101710924511847 0.0097279163002696716 0.02854351414679375 0.033405844486791125 -0.0018739168854780709 0.021418597356440097 -0.0039339300846029032 -0.030672863941767332 0.071337386855204701 0.00010983112837851849 0.00014739067406776833 -0.003680899626187826 -0.065156840098401239 0.0027154903424027039 0.0074366654666868969
leaf_weight=574.7351151406765 2089.4770117551088 117.96871639788151 134.15475326776505 3827.2556749433279 911.786854788661 158.15002185106277 607.98967519402504 27.320249572396278 77.17133255302906 157.84671624004841 421.60623021423817 398.98011247813702 220.03535796701908 1725.8146723359823 182.90896371006966 91.445523142814636 361.23662179708481 85.508126363158226 220.72859582304955 844.31665416061878 1148.8715396225452 38.841937944293022 105.41149540245533 13.803046181797979 57.016293197870255 550.27187387645245 783.99944134056568 20.677026987075806 376.56555689871311 519.32680583000183
leaf_count=1624 6281 390 540 12231 3332 519 1709 84 228 444 1374 1281 637 5761 626 246 1128 249 663 2856 3475 135 430 36 181 1872 2711 98 1240 1611
internal_value=0.0102169 0.00792439 0.0175665 0.00516747 -0.00120291 0.0185831 0.020412 -0.00936335 0.00811577 0.0194523 0.00894413 0.0074233 0.00996007 0.00916348 -0.0155266 0.0174719 0.0230913 0.00124396 0.0227208 0.00325597 0.025892 -0.000551483 -0.0151933 0.0158015 0.0271179 0.00231772 -0.000345138 -0.00526059 0.00837214 0.0164333
internal_weight=16851.2 13226.8 2940.98 10285.8 3254.28 3624.45 3308.24 1672.29 7031.52 2806.82 721.977 1581.99 5773.11 5553.07 1094.7 2700.25 2084.84 507.114 338.697 1243.3 1723.61 316.207 158.056 52.645 214.863 577.592 1258.41 804.676 453.737 2608.8
internal_count=53992 43025 9015 34010 11104 10967 9847 5914 22906 8475 2248 5190 18629 17992 3958 8138 6227 1623 1053 4137 5099 1120 601 171 625 1956 4277 2809 1468 7892
is_linear=0
shrinkage=0.05


Tree=21
num_leaves=31
num_cat=0
split_feature=37 13 29 15 2 14 13 0 51 35 5 21 23 16 35 25 0 0 34 0 8 30 12 15 13 36 22 16 30 13
split_gain=118.958 97.6751 63.9861 71.6793 48.0005 41.6339 34.8064 33.1489 33.2459 34.0341 29.9262 30.9214 25.2001 23.4003 23.0275 22.5673 40.4553 24.3146 28.0784 23.2691 22.0543 21.1476 20.123 32.0508 21.5937 18.6925 19.6731 17.7676 23.7645 20.7549
threshold=-0.73645001649856556 1.2138700485229494 -0.081215001642703996 1.097850024700165 0.78269779682159435 0.30855000019073492 0.061394998803734786 1.466507136821747 0.017204999923706058 16.500000000000004 -39.354797363281243 18.185000419616703 -79.834999084472642 1.0903499722480776 15.500000000000002 0.70765000581741344 0.34444083273410803 0.28873004019260412 193.50000000000003 1.0324580669403078 -0.028217941522598263 -0.12679500132799146 -0.068884998559951768 1.0621500015258791 120.05353164672853 0.75699999928474437 6.4661500453948983 1.0651499629020693 -0.095435000956058488 0.11367999762296678
decision_type=2 2 2 2 2 2 2 2 2 2 2 2 2 2 2 2 2 2 2 2 2 2 2 2 2 2 2 2 2 2
left_child=1 2 10 5 12 -4 -7 8 9 20 13 -12 -2 21 22 17 -17 -14 -19 -18 -3 -1 24 -24 -6 26 -5 28 -16 -30
right_child=4 7 3 25 14 6 -8 -9 -10 -11 11 -13 15 -15 27 16 19 18 -20 -21 -22 -23 23 -25 -26 -27 -28 -29 29 -31
leaf_value=0.025729052649396331 -0.051556829298642054 0.038952315758779374 0.031022762104314733 0.032882345616455984 0.01670088674288428 -0.0030461212695288703 0.0086237765384297241 0.039528299045385185 0.036464267859527145 0.0063536795445946898 0.041250469511478885 0.0027867550091726211 0.00037765248203956437 0.068287750533380473 0.015793884664649521 -0.03148733300453041 -0.0061609987452304737 0.019485989781299107 -0.021022031810815179 0.0060038270662996461 0.018389648180699061 0.0004920145656001335 -0.0090551759786073726 0.023295292459434097 -0.065748238739302509 -0.014588777475389373 0.016951069493790126 0.010756139730442774 -0.041506187734699475 -0.003661848488311087
leaf_weight=147.73131969571114 23.782121077179909 183.13095405697823 193.68011239171028 406.36074844002724 1143.2788566201925 703.77863530814648 6936.0971593558788 284.64022296667099 269.98429238796234 450.98238079249859 313.04570813477039 62.720056712627411 891.1431220471859 19.206774353981018 155.44274199008942 120.82631403207779 1031.51605014503 377.82070480287075 48.241170525550842 635.15917292237282 452.85881820321083 189.47091455757618 219.35888475179672 117.61313483119011 7.9969234466552725 30.547889187932014 370.428187251091 516.39711880683899 39.009277477860451 508.37018086016178
leaf_count=425 116 517 569 1152 3581 2412 22237 787 754 1404 862 197 3108 48 486 479 3603 1215 174 2088 1360 594 741 353 36 99 1096 1621 157 1721
internal_value=0.00970616 0.0127641 0.0107936 0.0095911 0.00393466 0.00812914 0.00754876 0.0240149 0.0207608 0.0168603 0.0249857 0.0348304 -0.000283775 0.0146062 0.00880907 0.000108978 -0.00355036 0.00507486 0.0148994 -0.00152506 0.0243106 0.0115486 0.0129827 0.00223609 0.0161282 0.0237764 0.0252852 0.00371449 -0.00145934 -0.00635884
internal_weight=16850.6 11014.7 9373.07 8640.89 5835.96 7833.56 7639.88 1641.6 1356.96 1086.97 732.175 375.766 3128.49 356.409 2707.47 3104.71 1787.5 1317.2 426.062 1666.68 635.99 337.202 1488.25 336.972 1151.28 807.337 776.789 1219.22 702.822 547.379
internal_count=53992 34513 29691 27565 19479 25218 24649 4822 4035 3281 2126 1059 10783 1067 8696 10667 6170 4497 1389 5691 1877 1019 4711 1094 3617 2347 2248 3985 2364 1878
is_linear=0
shrinkage=0.05


Tree=22
num_leaves=31
num_cat=0
split_feature=28 27 28 27 37 30 37 7 39 37 7 33 31 5 34 55 16 51 15 27 28 6 6 31 37 24 7 14 51 2
split_gain=110.951 106.402 84.05 81.0863 74.5474 53.1515 46.8344 43.0483 37.8599 34.6187 53.9883 34.5875 34.3967 30.556 29.2472 28.9485 26.096 24.0572 23.8593 23.8341 23.0017 19.7662 20.1324 19.6729 18.6055 16.5841 27.3126 20.7369 16.543 15.7374
threshold=0.065865002572536482 -0.060395000502467149 -0.0083749997429549677 -0.044354999437928193 -0.018350000493228432 0.14886000007390979 -1.0000000180025095e-35 48.096336364746101 0.29285000264644628 -0.70445001125335682 75.865875244140639 0.39695000648498541 -0.18489500135183332 -0.54425087571144093 35.500000000000007 0.24055000394582751 1.1073499917984011 0.025005000643432144 1.0719500184059145 -0.083784997463226304 0.10139000043272973 1.0000000180025095e-35 0.53925496339797985 -0.059564998373389237 -0.43035000562667841 -0.071795001626014696 48.561349868774421 0.19465000182390216 0.0031449999660253529 0.26884114742279058
decision_type=2 2 2 2 2 2 2 2 2 2 2 2 2 2 2 2 2 2 2 2 2 2 2 2 2 2 2 2 2 2
left_child=1 4 3 25 8 9 20 13 15 14 -11 -8 -10 -5 -4 19 -14 24 -17 -1 21 29 28 -9 -7 27 -27 -3 -23 -2
right_child=6 2 5 7 -6 17 11 23 12 10 -12 -13 16 -15 -16 18 -18 -19 -20 -21 -22 22 -24 -25 -26 26 -28 -29 -30 -31
leaf_value=0.032178941313161645 0.01121827500774402 0.053463743677453428 0.014718431570991947 -0.018730831900583562 -0.020486154934863568 0.023863958280643888 0.010165567600694165 0.043112100034335042 0.028230789870952372 0.0035771333748087354 -0.04925957934787082 -0.042471777845481895 -0.0013996576528511016 0.0036542078931710398 0.0066073152984207073 0.0031916785301294038 0.035462305472506665 0.055033714437463778 0.040224823803784282 0.019707467562573008 0.028338011474943706 0.018787648938372557 0.032118255344016258 -0.000165506241160261 -0.0044577197227979601 -0.073183662574838354 -0.0020487415121062287 0.0075139988241263687 0.0029220780254751513 0.026786536591613997
leaf_weight=574.29779095947742 218.61184050142765 24.989160433411598 1767.2613882273436 908.46124486625195 133.60222427546978 404.99800437688828 81.586091905832291 27.573865756392479 161.63368044793606 2834.6588536202908 49.185736998915672 50.541532188653946 510.64187560975552 183.18817429244518 2994.6054731309414 313.10474307835102 52.995623201131821 54.009761020541191 50.508860304951668 1150.6401515305042 684.62183846533298 260.99606737494469 106.56584672629833 550.7482076138258 67.679045140743256 14.989118933677672 135.27411127090454 1409.1644748449326 443.48322835564613 630.48899972438812
leaf_count=1631 671 72 5480 3332 541 1187 279 84 467 9417 222 236 1644 626 9713 995 149 145 141 3478 1979 775 300 1872 222 62 449 4607 1376 1840
internal_value=0.00922054 0.00753639 0.00535158 -0.00144385 0.0160066 0.00805764 0.0189942 -0.00913142 0.0177393 0.00699931 0.00267597 -0.0099693 0.00789728 -0.0149744 0.00961758 0.021157 0.00206626 0.023421 0.00833588 0.0238597 0.0206263 0.0174462 0.0118638 0.00189793 0.0198088 0.00665884 -0.00914462 0.00831464 0.00879997 0.0227783
internal_weight=16851.1 14374.2 11426.8 3254.39 2947.42 8172.4 2476.9 1669.97 2813.82 7645.71 2883.84 132.128 725.271 1091.65 4761.87 2088.55 563.637 526.687 363.614 1724.94 2344.77 1660.15 811.045 578.322 472.677 1584.42 150.263 1434.15 704.479 849.101
internal_count=53992 46536 37490 11104 9046 26386 7456 5914 8505 24832 9639 515 2260 3958 15193 6245 1793 1554 1136 5109 6941 4962 2451 1956 1409 5190 511 4679 2151 2511
is_linear=0
shrinkage=0.05


end of trees

feature_importances:
Column_37=79
Column_28=50
Column_29=43
Column_13=40
Column_9=35
Column_35=32
Column_27=29
Column_30=29
Column_15=26
Column_3=22
Column_8=20
Column_16=19
Column_21=19
Column_34=19
Column_0=18
Column_14=16
Column_7=14
Column_22=13
Column_31=13
Column_51=13
Column_18=11
Column_36=11
Column_2=10
Column_6=10
Column_39=10
Column_12=9
Column_24=9
Column_23=8
Column_1=7
Column_5=7
Column_53=7
Column_25=6
Column_44=5
Column_17=4
Column_33=4
Column_40=3
Column_45=3
Column_48=3
Column_49=3
Column_52=3
Column_46=2
Column_55=2
Column_26=1
Column_50=1
Column_54=1
Column_56=1

parameters:
[boosting: gbdt]
[objective: binary]
[metric: auc]
[tree_learner: serial]
[device_type: cpu]
[data_sample_strategy: bagging]
[data: ]
[valid: ]
[num_iterations: 300]
[learning_rate: 0.05]
[num_leaves: 31]
[num_threads: 0]
[seed: 9]
[deterministic: 0]
[force_col_wise: 0]
[force_row_wise: 0]
[histogram_pool_size: -1]
[max_depth: 6]
[min_data_in_leaf: 20]
[min_sum_hessian_in_leaf: 0.001]
[bagging_fraction: 0.8]
[pos_bagging_fraction: 1]
[neg_bagging_fraction: 1]
[bagging_freq: 5]
[bagging_seed: 6151]
[bagging_by_query: 0]
[feature_fraction: 0.8]
[feature_fraction_bynode: 1]
[feature_fraction_seed: 22398]
[extra_trees: 0]
[extra_seed: 14369]
[early_stopping_round: 0]
[early_stopping_min_delta: 0]
[first_metric_only: 0]
[max_delta_step: 0]
[lambda_l1: 0]
[lambda_l2: 0]
[linear_lambda: 0]
[min_gain_to_split: 0]
[drop_rate: 0.1]
[max_drop: 50]
[skip_drop: 0.5]
[xgboost_dart_mode: 0]
[uniform_drop: 0]
[drop_seed: 18175]
[top_rate: 0.2]
[other_rate: 0.1]
[min_data_per_group: 100]
[max_cat_threshold: 32]
[cat_l2: 10]
[cat_smooth: 10]
[max_cat_to_onehot: 4]
[top_k: 20]
[monotone_constraints: ]
[monotone_constraints_method: basic]
[monotone_penalty: 0]
[feature_contri: ]
[forcedsplits_filename: ]
[refit_decay_rate: 0.9]
[cegb_tradeoff: 1]
[cegb_penalty_split: 0]
[cegb_penalty_feature_lazy: ]
[cegb_penalty_feature_coupled: ]
[path_smooth: 0]
[interaction_constraints: ]
[verbosity: -1]
[saved_feature_importance_type: 0]
[use_quantized_grad: 0]
[num_grad_quant_bins: 4]
[quant_train_renew_leaf: 0]
[stochastic_rounding: 1]
[linear_tree: 0]
[max_bin: 255]
[max_bin_by_feature: ]
[min_data_in_bin: 3]
[bin_construct_sample_cnt: 200000]
[data_random_seed: 68]
[is_enable_sparse: 1]
[enable_bundle: 1]
[use_missing: 1]
[zero_as_missing: 0]
[feature_pre_filter: 1]
[pre_partition: 0]
[two_round: 0]
[header: 0]
[label_column: ]
[weight_column: ]
[group_column: ]
[ignore_column: ]
[categorical_feature: ]
[forcedbins_filename: ]
[precise_float_parser: 0]
[parser_config_file: ]
[objective_seed: 3382]
[num_class: 1]
[is_unbalance: 0]
[scale_pos_weight: 1.76917]
[sigmoid: 1]
[boost_from_average: 1]
[reg_sqrt: 0]
[alpha: 0.9]
[fair_c: 1]
[poisson_max_delta_step: 0.7]
[tweedie_variance_power: 1.5]
[lambdarank_truncation_level: 30]
[lambdarank_norm: 1]
[label_gain: ]
[lambdarank_position_bias_regularization: 0]
[eval_at: ]
[multi_error_top_k: 1]
[auc_mu_weights: ]
[num_machines: 1]
[local_listen_port: 12400]
[time_out: 120]
[machine_list_filename: ]
[machines: ]
[gpu_platform_id: -1]
[gpu_device_id: -1]
[gpu_use_dp: 0]
[num_gpu: 1]

end of parameters

pandas_categorical:null
